5.567,30,166,33
B0,mixamorig_Hips,-1,0.9977102875709534,-0.024537838995456696,0.06302963942289352,0,0.02852650173008442,0.9975939989089966,-0.06318273395299911,0,-0.06132761016488075,0.0648360624909401,0.9960095882415771,0,-0.023933827877044678,0.7664753198623657,-0.008830660954117775,1
B1,mixamorig_Spine,0,0.9992972612380981,0.03723384812474251,0.0043418873101472855,0,-0.037215378135442734,0.9992979764938354,-0.004257129039615393,0,-0.004497348330914974,0.004092552233487368,0.9999814629554749,0,0,0.1341259926557541,-0.0034050000831484795,1
B2,mixamorig_Spine1,1,0.9999790787696838,0.006348516326397657,0.0008355120080523193,0,-0.006344802211970091,0.9999700784683228,-0.004376762546598911,0,-0.0008632734534330666,0.004371372051537037,0.9999899864196777,0,0,0.15653100609779358,0,1
B3,mixamorig_Spine2,2,0.9999799728393555,0.0063499510288238525,0.0008044559508562088,0,-0.0063463677652180195,0.9999700784683228,-0.004375165328383446,0,-0.0008322136127389967,0.004369970411062241,0.9999900460243225,0,0,0.17889299988746643,0,1
B4,mixamorig_Neck,3,0.9999679923057556,-0.0025908995885401964,-0.007516117766499519,0,0.0030949607025831938,0.9976905584335327,0.06784693151712418,0,0.007322982884943485,-0.06786808371543884,0.997667670249939,0,0,0.2012539952993393,0,1
B5,mixamorig_Head,4,0.9994826316833496,0.005723581183701754,-0.03166019171476364,0,-0.009107266552746296,0.9941325187683105,-0.10778699815273285,0,0.030857475474476814,0.10801950097084045,0.9936696290969849,0,0,0.0920649990439415,0.0029670000076293945,1
B6,mixamorig_HeadTop_End,5,1,0,0,0,0,1,0,0,0,0,1,0,0,0.2851350009441376,0.009189999662339687,1
B7,mixamorig_LeftShoulder,3,-0.16291910409927368,-0.024328915402293205,-0.986339807510376,0,0.9864417910575867,0.015994366258382797,-0.16333043575286865,0,0.01974955014884472,-0.999575674533844,0.021393215283751488,0,0.05645899847149849,0.18508100509643555,-0.0005530000198632479,1
B8,mixamorig_LeftArm,7,0.7833771705627441,0.6184446215629578,-0.06201504170894623,0,-0.03694331645965576,0.14592888951301575,0.9886048436164856,0,0.6204473972320557,-0.7721596956253052,0.13716480135917664,0,0,0.11397500336170197,0,1
B9,mixamorig_LeftForeArm,8,0.9828864336013794,0.1836329847574234,-0.014609938487410545,0,-0.1837211698293686,0.9829655289649963,-0.004937656223773956,0,0.01345435343682766,0.007537312805652618,0.9998810887336731,0,0,0.32672300934791565,0,1
B10,mixamorig_LeftHand,9,0.9700861573219299,-0.0526379831135273,0.2369842380285263,0,0.04155242070555687,0.997806191444397,0.05153539776802063,0,-0.23917719721794128,-0.04014652594923973,0.9701457619667053,0,0,0.2040569931268692,0,1
B11,mixamorig_LeftHandIndex1,10,0.6835911273956299,0.27084779739379883,-0.6777493357658386,0,-0.033060140907764435,0.9391332268714905,0.3419590890407562,0,0.7291159629821777,-0.21135377883911133,0.650937557220459,0,0,0.09350799769163132,0,1
B12,mixamorig_LeftHandIndex2,11,0.9891501069068909,0.14673729240894318,0.007104009855538607,0,-0.12179988622665405,0.7920907735824585,0.5981279015541077,0,0.08214065432548523,-0.592503547668457,0.801369309425354,0,0,0.03336799889802933,0,1
B13,mixamorig_LeftHandIndex3,12,0.99623703956604,-0.08632254600524902,0.0077372342348098755,0,0.07938138395547867,0.944659948348999,0.3183020055294037,0,-0.03478570282459259,-0.316490113735199,0.9479579329490662,0,-0.0007980000227689743,0.03864999860525131,-0.01931699924170971,1
B14,mixamorig_LeftHandIndex4,13,1,0,0,0,0,1,0,0,0,0,1,0,-0.004075000062584877,0.018873000517487526,-0.016798999160528183,1
B15,mixamorig_RightShoulder,3,-0.0924723669886589,0.009933775290846825,0.9956660270690918,0,-0.9947060942649841,0.04409099370241165,-0.09282316267490387,0,-0.044821929186582565,-0.9989784359931946,0.00580403720960021,0,-0.05645899847149849,0.18507300317287445,-0.0002680000034160912,1
B16,mixamorig_RightArm,15,0.9537011981010437,-0.29706868529319763,-0.046941403299570084,0,0.09653402864933014,0.15454021096229553,0.9832593202590942,0,-0.28484123945236206,-0.9422670006752014,0.1760624349117279,0,0,0.11397500336170197,0,1
B17,mixamorig_RightForeArm,16,0.9892659187316895,-0.14505714178085327,0.017652960494160652,0,0.1451604664325714,0.9893970489501953,-0.004713171161711216,0,-0.01678210124373436,0.007225089706480503,0.9998329877853394,0,0,0.3267349898815155,0,1
B18,mixamorig_RightHand,17,0.9732378125190735,-0.08826971054077148,0.212171733379364,0,0.08045489341020584,0.9957330226898193,0.04520544409751892,0,-0.2152564972639084,-0.026925373822450638,0.9761859774589539,0,0,0.20520199835300446,0,1
B19,mixamorig_RightHandIndex1,18,0.9974270462989807,-0.05247506871819496,-0.04885082691907883,0,0.06851494312286377,0.898327112197876,0.4339512586593628,0,0.02111239545047283,-0.4361816644668579,0.8996109366416931,0,0,0.08449699729681015,0,1
B20,mixamorig_RightHandIndex2,19,0.9364141821861267,0.3312361240386963,0.11580406874418259,0,-0.3506085276603699,0.8698682188987732,0.3469916880130768,0,0.01420191116631031,-0.3655296862125397,0.9306907653808594,0,0,0.0311489999294281,0,1
B21,mixamorig_RightHandIndex3,20,0.9038630127906799,0.36110761761665344,0.22941717505455017,0,-0.4248640835285187,0.8205838799476624,0.38227251172065735,0,-0.05021454021334648,-0.4429934024810791,0.8951176404953003,0,0.01579499989748001,0.04596000164747238,-0.002400000113993883,1
B22,mixamorig_RightHandIndex4,21,1,0,0,0,0,1,0,0,0,0,1,0,0.018478000536561012,0.01923299953341484,-0.01129900012165308,1
B23,mixamorig_LeftUpLeg,0,-0.945584237575531,-0.17526131868362427,0.2741410434246063,0,0.2020496129989624,-0.9766874313354492,0.07251521944999695,0,0.2550409436225891,0.12395931780338287,0.958951473236084,0,0.08352500200271606,-0.07456299662590027,-0.00027099999715574086,1
B24,mixamorig_LeftLeg,23,0.9868742227554321,0.09960895776748657,0.12711262702941895,0,-0.016433551907539368,0.8449728488922119,-0.5345575213432312,0,-0.16065338253974915,0.5254519581794739,0.8355185389518738,0,0,0.3741450011730194,0,1
B25,mixamorig_LeftFoot,24,0.9694651961326599,-0.09994381666183472,-0.2239372730255127,0,0.23098288476467133,0.06545703858137131,0.9707533121109009,0,-0.08236255496740341,-0.9928374886512756,0.08654366433620453,0,0,0.283378005027771,0,1
B26,mixamorig_LeftToeBase,25,0.9705910682678223,0.0000013999522252561292,-0.2407357543706894,0,0.10652340203523636,0.8967708945274353,0.42948299646377563,0,0.2158852368593216,-0.4424959421157837,0.8703969120979309,0,0,0.13549700379371643,0,1
B27,mixamorig_LeftToe_End,26,1,0,0,0,0,1,0,0,0,0,1,0,0,0.06424599885940552,0,1
B28,mixamorig_RightUpLeg,0,-0.9606897830963135,0.1187915951013565,-0.25092393159866333,0,-0.14032088220119476,-0.9876520037651062,0.069662906229496,0,-0.23955020308494568,0.1021343246102333,0.9654964208602905,0,-0.08352500200271606,-0.07456299662590027,0.002302000066265464,1
B29,mixamorig_RightLeg,28,0.9950850009918213,-0.0575503408908844,-0.08058678358793259,0,0.008916615508496761,0.8625551462173462,-0.5058838129043579,0,0.09862431138753891,0.5026788115501404,0.8588287830352783,0,0,0.37443000078201294,0,1
B30,mixamorig_RightFoot,29,0.9661093950271606,0.04306763410568237,0.25451573729515076,0,-0.25743672251701355,0.08834724128246307,0.9622474908828735,0,0.018955949693918228,-0.9951578378677368,0.09644027054309845,0,0,0.28327998518943787,0,1
B31,mixamorig_RightToeBase,30,0.9760289788246155,-0.000020354327716631815,0.21763896942138672,0,-0.09745535999536514,0.8941008448600769,0.4371342658996582,0,-0.19460003077983856,-0.44786569476127625,0.8726661205291748,0,0,0.1334020048379898,0,1
B32,mixamorig_RightToe_End,31,1,0,0,0,0,1,0,0,0,0,1,0,0,0.06449200212955475,0,1
@28,0,1,2,3,4,5,7,8,9,10,11,12,13,15,16,17,18,19,20,21,23,24,25,26,28,29,30,31
K0,0.9977309703826904,-0.026032237336039543,0.06209816783666611,0,0.02982376329600811,0.9976959824562073,-0.06093314290046692,0,-0.06036883592605591,0.06264685094356537,0.9962080717086792,0,-0.023795999586582184,0.7664219737052917,-0.007493000011891127,1,0.9993540048599243,0.03575563058257103,0.0035807928070425987,0,-0.03571536764502525,0.999303936958313,-0.010736910626292229,0,-0.003962207119911909,0.010602090507745743,0.9999359250068665,0,0,0.1341259926557541,-0.0034050000831484795,1,0.9999790191650391,0.006436081137508154,0.0007326534832827747,0,-0.00643191859126091,0.9999640583992004,-0.005549915134906769,0,-0.0007683464791625738,0.005545083899050951,0.9999840259552002,0,0,0.15653100609779358,0,1,0.9999790191650391,0.006437996402382851,0.0007021527853794396,0,-0.006434004288166761,0.9999639987945557,-0.0055483183823525906,0,-0.0007378471782431006,0.005543681792914867,0.9999840259552002,0,0,0.17889299988746643,0,1,0.9999780058860779,-0.000262950430624187,-0.006682645995169878,0,0.0006780495750717819,0.9980639815330505,0.06218992546200752,0,0.006653353571891785,-0.06219307333230972,0.9980419874191284,0,0,0.2012539952993393,0,1,0.9994639754295349,0.015720674768090248,-0.028724083676934242,0,-0.018597329035401344,0.9945290684700012,-0.10279497504234314,0,0.02695091813802719,0.10327402502298355,0.9942879676818848,0,0,0.0920649990439415,0.0029670000076293945,1,-0.16427502036094666,-0.02475389651954174,-0.9861040711402893,0,0.9862020611763,0.016638118773698807,-0.1647089570760727,0,0.020484136417508125,-0.9995550513267517,0.021679062396287918,0,0.05645899847149849,0.18508100509643555,-0.0005530000198632479,1,0.7853080034255981,0.6155660152435303,-0.06609891355037689,0,-0.033729005604982376,0.14914602041244507,0.9882400035858154,0,0.6181850433349609,-0.7738429307937622,0.13788792490959167,0,0,0.11397500336170197,0,1,0.983362078666687,0.18107099831104279,-0.014597649686038494,0,-0.18115799129009247,0.983441948890686,-0.004868762567639351,0,0.013474348932504654,0.007432237267494202,0.9998819231987,0,0,0.32672300934791565,0,1,0.9699869155883789,-0.07426685094833374,0.2315370738506317,0,0.057795144617557526,0.9953439235687256,0.07713893055915833,0,-0.23618793487548828,-0.0614420510828495,0.9697630405426025,0,0,0.2040569931268692,0,1,0.6853083372116089,0.2808501124382019,-0.6719195246696472,0,-0.023327870294451714,0.9306380748748779,0.36519697308540344,0,0.7278793454170227,-0.23459802567958832,0.6443254947662354,0,0,0.09350799769163132,0,1,0.9892889261245728,0.14580096304416656,0.006954009644687176,0,-0.12104403227567673,0.792819082736969,0.5973159074783325,0,0.08157600462436676,-0.5917600989341736,0.8019759058952332,0,0,0.03336799889802933,0,1,0.9962369799613953,-0.08632207661867142,0.007737342268228531,0,0.07938092201948166,0.9446600079536438,0.3183019161224365,0,-0.03478565439581871,-0.3164900243282318,0.9479579329490662,0,-0.0007980000227689743,0.03864999860525131,-0.01931699924170971,1,-0.09729422628879547,0.01112129632383585,0.9951940178871155,0,-0.9944000244140625,0.04037156328558922,-0.09766773879528046,0,-0.041263729333877563,-0.9991229772567749,0.007131073158234358,0,-0.05645899847149849,0.18507300317287445,-0.0002680000034160912,1,0.9571830630302429,-0.2865576148033142,-0.041054967790842056,0,0.08748435229063034,0.1511548012495041,0.9846309423446655,0,-0.2759478986263275,-0.9460638761520386,0.16975215077400208,0,0,0.11397500336170197,0,1,0.9903879165649414,-0.13719312846660614,0.017616238445043564,0,0.1372908502817154,0.9905210137367249,-0.004457148257642984,0,-0.01683775894343853,0.006832852028310299,0.9998350143432617,0,0,0.3267349898815155,0,1,0.9733859896659851,-0.07939379662275314,0.2149781882762909,0,0.07082119584083557,0.9963669180870056,0.047302450984716415,0,-0.21795283257961273,-0.030818549916148186,0.9754731059074402,0,0,0.20520199835300446,0,1,0.9974180459976196,-0.05178714171051979,-0.04976292699575424,0,0.06841786950826645,0.8958731293678284,0.43901175260543823,0,0.021846076473593712,-0.4412822723388672,0.897101879119873,0,0,0.08449699729681015,0,1,0.9362490177154541,0.33103981614112854,0.11768607050180435,0,-0.3510421812534332,0.8677079081535339,0.35192808508872986,0,0.014385071583092213,-0.37080487608909607,0.9285990595817566,0,0,0.0311489999294281,0,1,0.9036241173744202,0.36081770062446594,0.230813130736351,0,-0.42530933022499084,0.8196919560432434,0.3836888372898102,0,-0.05075390264391899,-0.44487714767456055,0.8941519260406494,0,0.01579499989748001,0.04596000164747238,-0.002400000113993883,1,-0.9453740119934082,-0.17647168040275574,0.2740911543369293,0,0.20345430076122284,-0.976349949836731,0.07312267273664474,0,0.25470486283302307,0.12489333003759384,0.9589200019836426,0,0.08352500200271606,-0.07456299662590027,-0.00027099999715574086,1,0.9869499802589417,0.09982390701770782,0.12635420262813568,0,-0.01692308858036995,0.8446231484413147,-0.5350937247276306,0,-0.16013677418231964,0.5259722471237183,0.8352898359298706,0,0,0.3741450011730194,0,1,0.9690739512443542,-0.09988726675510406,-0.2256523221731186,0,0.23248672485351562,0.06294770538806915,0.9705600738525391,0,-0.08274232596158981,-0.9930059313774109,0.08422347158193588,0,0,0.283378005027771,0,1,0.9705910682678223,0.0000013999522252561292,-0.2407357543706894,0,0.10652340203523636,0.8967708945274353,0.42948299646377563,0,0.2158852368593216,-0.4424959421157837,0.8703969120979309,0,0,0.13549700379371643,0,1,-0.9609888195991516,0.11714832484722137,-0.25055405497550964,0,-0.13841266930103302,-0.9879719614982605,0.06894232332706451,0,-0.2394639402627945,0.10093268007040024,0.9656450748443604,0,-0.08352500200271606,-0.07456299662590027,0.002302000066265464,1,0.9949269890785217,-0.05853423848748207,-0.08181276172399521,0,0.009365756064653397,0.8636459708213806,-0.5040120482444763,0,0.10015923529863358,0.5006889700889587,0.8598129153251648,0,0,0.37443000078201294,0,1,0.9659990072250366,0.04432481527328491,0.2547159194946289,0,-0.25774118304252625,0.08752225339412689,0.9622419476509094,0,0.020357897505164146,-0.9951760768890381,0.09597079455852509,0,0,0.28327998518943787,0,1,0.9760290384292603,-0.000021279911379679106,0.21763980388641357,0,-0.09745529294013977,0.89410001039505,0.43713608384132385,0,-0.1946011632680893,-0.44786790013313293,0.8726660013198853,0,0,0.1334020048379898,0,1
K0.034,0.9977098703384399,-0.025797124952077866,0.06252507865428925,0,0.02962561510503292,0.9976919293403625,-0.06109844148159027,0,-0.06080462783575058,0.06281088292598724,0.9961717128753662,0,-0.023791059851646423,0.7664611339569092,-0.007636110298335552,1,0.9993498921394348,0.035884808748960495,0.0035771268885582685,0,-0.03584670647978783,0.999305009841919,-0.010194681584835052,0,-0.003940476570278406,0.01005982793867588,0.9999420046806335,0,0,0.1341259926557541,-0.0034050000831484795,1,0.9999799728393555,0.006346358451992273,0.0007271849317476153,0,-0.006342404987663031,0.999966025352478,-0.005314438603818417,0,-0.0007608874002471566,0.005309718661010265,0.9999859929084778,0,0,0.15653100609779358,0,1,0.9999799728393555,0.0063477796502411366,0.0006976871518418193,0,-0.006343983579427004,0.999966025352478,-0.005313345696777105,0,-0.0007313911919482052,0.005308812018483877,0.9999859929084778,0,0,0.17889299988746643,0,1,0.9999750852584839,-0.0005543969455175102,-0.007089037448167801,0,0.0010053339647129178,0.9979643821716309,0.06376612186431885,0,0.007039250340312719,-0.06377162039279938,0.99793940782547,0,0,0.2012539952993393,0,1,0.9994159936904907,0.01575418934226036,-0.030307874083518982,0,-0.018864288926124573,0.9942688345909119,-0.10523249208927155,0,0.028476331382989883,0.10574279725551605,0.993985652923584,0,0,0.0920649990439415,0.0029670000076293945,1,-0.16414202749729156,-0.024724194779992104,-0.9861272573471069,0,0.9862231016159058,0.016683489084243774,-0.1645762175321579,0,0.020521100610494614,-0.9995549917221069,0.02164504863321781,0,0.05645899847149849,0.18508100509643555,-0.0005530000198632479,1,0.7854912877082825,0.615442156791687,-0.06506727635860443,0,-0.034311629831790924,0.14828473329544067,0.9883492588996887,0,0.6179205179214478,-0.7741074562072754,0.13759325444698334,0,0,0.11397500336170197,0,1,0.9831289052963257,0.18233218789100647,-0.014604050666093826,0,-0.18241988122463226,0.9832090139389038,-0.004902528133243322,0,0.013464929535984993,0.007483877707272768,0.9998810291290283,0,0,0.32672300934791565,0,1,0.9697469472885132,-0.07178621739149094,0.23331919312477112,0,0.055895693600177765,0.9956883788108826,0.07402746379375458,0,-0.23762746155261993,-0.05874638631939888,0.9695786833763123,0,0,0.2040569931268692,0,1,0.6846849322319031,0.27590495347976685,-0.6745976805686951,0,-0.02680285833775997,0.9344842433929443,0.3549928069114685,0,0.7283462285995483,-0.22497741878032684,0.6472232341766357,0,0,0.09350799769163132,0,1,0.9894574284553528,0.14466510713100433,0.006773119326680899,0,-0.1201263964176178,0.7937018275260925,0.5963276624679565,0,0.08089195936918259,-0.5908543467521667,0.8027122020721436,0,0,0.03336799889802933,0,1,0.9962369799613953,-0.08632207661867142,0.007737338542938232,0,0.07938092201948166,0.9446600079536438,0.3183019161224365,0,-0.03478565067052841,-0.3164900243282318,0.9479579329490662,0,-0.0007980000227689743,0.03864999860525131,-0.01931699924170971,1,-0.09638199955224991,0.010869290679693222,0.9952855706214905,0,-0.9944712519645691,0.04083660989999771,-0.09674907475709915,0,-0.041695673018693924,-0.9991067051887512,0.006873236503452063,0,-0.05645899847149849,0.18507300317287445,-0.0002680000034160912,1,0.9567269682884216,-0.2878601849079132,-0.04253401607275009,0,0.08922194689512253,0.15106911957263947,0.9844886064529419,0,-0.2769695222377777,-0.9456819295883179,0.17021536827087402,0,0,0.11397500336170197,0,1,0.9901869893074036,-0.1386338621377945,0.01762298494577408,0,0.1387326419353485,0.9903199672698975,-0.00450393371284008,0,-0.01682799682021141,0.006904620677232742,0.9998350143432617,0,0,0.3267349898815155,0,1,0.973551332950592,-0.07915046066045761,0.21431989967823029,0,0.07029031217098236,0.9963388442993164,0.04866299405694008,0,-0.217386856675148,-0.032311297953128815,0.97555011510849,0,0,0.20520199835300446,0,1,0.9973898530006409,-0.05252277851104736,-0.04954422265291214,0,0.06892506033182144,0.8969988226890564,0.43662580847740173,0,0.021508313715457916,-0.4389010965824127,0.8982778191566467,0,0,0.08449699729681015,0,1,0.9363274574279785,0.3311347961425781,0.11678826063871384,0,-0.3508354127407074,0.8687416911125183,0.34957486391067505,0,0.014297577552497387,-0.3682900667190552,0.9296006560325623,0,0,0.0311489999294281,0,1,0.9037126898765564,0.360925555229187,0.23029713332653046,0,-0.4251449406147003,0.8200223445892334,0.38316524028778076,0,-0.050554610788822174,-0.4441806674003601,0.8945097327232361,0,0.01579499989748001,0.04596000164747238,-0.002400000113993883,1,-0.9454305171966553,-0.17621903121471405,0.27405890822410583,0,0.20310690999031067,-0.9764456748962402,0.07281345129013062,0,0.2547723948955536,0.1245032474398613,0.9589524269104004,0,0.08352500200271606,-0.07456299662590027,-0.00027099999715574086,1,0.9869327545166016,0.09973911195993423,0.1265556365251541,0,-0.016826778650283813,0.844904899597168,-0.534651517868042,0,-0.1602531522512436,0.5255355834960938,0.8355426788330078,0,0,0.3741450011730194,0,1,0.9691864252090454,-0.09999198466539383,-0.22511878609657288,0,0.2319980263710022,0.0633845329284668,0.9706493020057678,0,-0.0827881470322609,-0.9929677248001099,0.08462940901517868,0,0,0.283378005027771,0,1,0.9705910682678223,0.0000013999522252561292,-0.2407357543706894,0,0.10652340203523636,0.8967708945274353,0.42948299646377563,0,0.2158852368593216,-0.4424959421157837,0.8703969120979309,0,0,0.13549700379371643,0,1,-0.9606293439865112,0.1181398257613182,-0.2514645457267761,0,-0.13950280845165253,-0.9878266453742981,0.06883204728364944,0,-0.24027149379253387,0.10120206326246262,0.9654156565666199,0,-0.08352500200271606,-0.07456299662590027,0.002302000066265464,1,0.9950985312461853,-0.05655620992183685,-0.08111587911844254,0,0.008009231649339199,0.8637009263038635,-0.5039417147636414,0,0.0985608845949173,0.5008219480514526,0.8599204421043396,0,0,0.37443000078201294,0,1,0.966093122959137,0.043197277933359146,0.2545560598373413,0,-0.2574830651283264,0.08801912516355515,0.9622651934623718,0,0.019161438569426537,-0.9951820969581604,0.09615728259086609,0,0,0.28327998518943787,0,1,0.9760289788246155,-0.000020946468794136308,0.21763885021209717,0,-0.09745494276285172,0.8940999507904053,0.43713513016700745,0,-0.1946001648902893,-0.44786685705184937,0.87266606092453,0,0,0.1334020048379898,0,1
K0.067,0.9976927638053894,-0.025505268946290016,0.06291382014751434,0,0.029375528916716576,0.9976817965507507,-0.061379387974739075,0,-0.06120248883962631,0.06308591365814209,0.9961293935775757,0,-0.023801205679774284,0.766477108001709,-0.007822057232260704,1,0.9993388056755066,0.036178652197122574,0.0036399872042238712,0,-0.036142777651548386,0.9993019700050354,-0.009483393281698227,0,-0.0039805397391319275,0.009345557540655136,0.9999481439590454,0,0,0.1341259926557541,-0.0034050000831484795,1,0.9999799728393555,0.006327236071228981,0.0007342319004237652,0,-0.006323426030576229,0.9999669790267944,-0.005077441222965717,0,-0.0007663338910788298,0.005072697065770626,0.9999870657920837,0,0,0.15653100609779358,0,1,0.9999799728393555,0.00632865633815527,0.0007052253349684179,0,-0.0063249943777918816,0.9999669790267944,-0.005076343659311533,0,-0.0007373284897767007,0.005071781110018492,0.999987006187439,0,0,0.17889299988746643,0,1,0.9999729990959167,-0.000938206329010427,-0.007291907444596291,0,0.001412567449733615,0.9978629946708679,0.06532280892133713,0,0.007215043064206839,-0.06533138453960419,0.997838020324707,0,0,0.2012539952993393,0,1,0.9994152784347534,0.014203563332557678,-0.031092364341020584,0,-0.017464442178606987,0.994077742099762,-0.10725408047437668,0,0.029384851455688477,0.10773442685604095,0.9937450289726257,0,0,0.0920649990439415,0.0029670000076293945,1,-0.1639624983072281,-0.024721812456846237,-0.9861564040184021,0,0.9862452745437622,0.01706099882721901,-0.1644049435853958,0,0.020889241248369217,-0.9995489120483398,0.021584387868642807,0,0.05645899847149849,0.18508100509643555,-0.0005530000198632479,1,0.7855466604232788,0.6154720187187195,-0.06412061303853989,0,-0.03443286567926407,0.14693564176559448,0.9885461330413818,0,0.6178441643714905,-0.7743414640426636,0.1366172879934311,0,0,0.11397500336170197,0,1,0.9829424619674683,0.1833341121673584,-0.01460834126919508,0,-0.18342214822769165,0.98302161693573,-0.004929051734507084,0,0.013456649146974087,0.007524465676397085,0.9998810291290283,0,0,0.32672300934791565,0,1,0.9699015617370605,-0.0662805587053299,0.23430247604846954,0,0.05183833837509155,0.9963869452476501,0.06727628409862518,0,-0.2379150539636612,-0.05310553312301636,0.9698331952095032,0,0,0.2040569931268692,0,1,0.6840013861656189,0.27039751410484314,-0.6775156855583191,0,-0.030768288299441338,0.9386320114135742,0.3435465693473816,0,0.7288315892219543,-0.21414022147655487,0.6503447890281677,0,0,0.09350799769163132,0,1,0.9893539547920227,0.14536364376544952,0.006884348578751087,0,-0.12069091945886612,0.7931593656539917,0.5969358086585999,0,0.08131237328052521,-0.5914116501808167,0.8022592663764954,0,0,0.03336799889802933,0,1,0.9962369799613953,-0.08632199466228485,0.007736798841506243,0,0.07938101142644882,0.9446600675582886,0.3183029294013977,0,-0.0347851999104023,-0.31649109721183777,0.9479579925537109,0,-0.0007980000227689743,0.03864999860525131,-0.01931699924170971,1,-0.09531669318675995,0.01065570954233408,0.9953902363777161,0,-0.9945144057273865,0.04225393384695053,-0.09568510949611664,0,-0.04307878762483597,-0.9990502595901489,0.006569701712578535,0,-0.05645899847149849,0.18507300317287445,-0.0002680000034160912,1,0.9560756087303162,-0.2898232638835907,-0.043847475200891495,0,0.0907907783985138,0.15056924521923065,0.9844211935997009,0,-0.2787061631679535,-0.945162296295166,0.1702689230442047,0,0,0.11397500336170197,0,1,0.9900270700454712,-0.13976973295211792,0.017628034576773643,0,0.13986936211585999,0.9901600480079651,-0.00454070046544075,0,-0.0168199110776186,0.006961033679544926,0.9998340010643005,0,0,0.3267349898815155,0,1,0.9732656478881836,-0.08223601430654526,0.21445569396018982,0,0.07367397844791412,0.9961444139480591,0.04763032868504524,0,-0.21754573285579681,-0.03055715374648571,0.9755716323852539,0,0,0.20520199835300446,0,1,0.9973729252815247,-0.05300607904791832,-0.04937245696783066,0,0.06924476474523544,0.8977864980697632,0.4349532127380371,0,0.021270766854286194,-0.4372294843196869,0.8990986943244934,0,0,0.08449699729681015,0,1,0.9364136457443237,0.33123552799224854,0.11580900102853775,0,-0.35060960054397583,0.8698627352714539,0.3470039665699005,0,0.014202117919921875,-0.3655432462692261,0.9306864142417908,0,0,0.0311489999294281,0,1,0.9038208723068237,0.36105582118034363,0.22966721653938293,0,-0.42494362592697144,0.8204248547554016,0.3825262784957886,0,-0.05031133443117142,-0.44333070516586304,0.8949452042579651,0,0.01579499989748001,0.04596000164747238,-0.002400000113993883,1,-0.9455522298812866,-0.17583639919757843,0.273884654045105,0,0.20265719294548035,-0.9765475988388062,0.07269610464572906,0,0.2546788454055786,0.12424270063638687,0.9590115547180176,0,0.08352500200271606,-0.07456299662590027,-0.00027099999715574086,1,0.986899733543396,0.09991639852523804,0.12667132914066315,0,-0.016958091408014297,0.8450402021408081,-0.5344337821006775,0,-0.1604410856962204,0.5252845287322998,0.8356644511222839,0,0,0.3741450011730194,0,1,0.9692649841308594,-0.10019844770431519,-0.22469168901443481,0,0.23162181675434113,0.06379340589046478,0.9707120060920715,0,-0.08292995393276215,-0.9929202795028687,0.08504083007574081,0,0,0.283378005027771,0,1,0.9705910682678223,0.0000013776157175016124,-0.2407357543706894,0,0.10652337968349457,0.8967700600624084,0.4294828474521637,0,0.215885192155838,-0.4424961507320404,0.8703967928886414,0,0,0.13549700379371643,0,1,-0.960525631904602,0.11855852603912354,-0.25166383385658264,0,-0.14000247418880463,-0.9877417683601379,0.06902363151311874,0,-0.24039562046527863,0.10153256356716156,0.9653502106666565,0,-0.08352500200271606,-0.07456299662590027,0.002302000066265464,1,0.9951873421669006,-0.055919550359249115,-0.08047396689653397,0,0.007749349810183048,0.8635395169258118,-0.5042212605476379,0,0.09768819063901901,0.5011705756187439,0.8598161935806274,0,0,0.37443000078201294,0,1,0.9661336541175842,0.042716220021247864,0.2544814944267273,0,-0.2573661804199219,0.08819954842329025,0.9622804522514343,0,0.018659833818674088,-0.9951866269111633,0.09620627760887146,0,0,0.28327998518943787,0,1,0.9760289788246155,-0.000020946468794136308,0.21763885021209717,0,-0.09745494276285172,0.8940999507904053,0.43713513016700745,0,-0.1946001648902893,-0.44786685705184937,0.87266606092453,0,0,0.1334020048379898,0,1
K0.101,0.9976721405982971,-0.025263316929340363,0.06333529204130173,0,0.029181990772485733,0.9976665377616882,-0.06173006445169449,0,-0.06162799149751663,0.06343461573123932,0.9960813522338867,0,-0.023818613961338997,0.7664884924888611,-0.008079578168690205,1,0.9993237257003784,0.03657149523496628,0.003807206405326724,0,-0.03653872385621071,0.999297022819519,-0.008345301263034344,0,-0.004109732806682587,0.008200552314519882,0.9999581575393677,0,0,0.1341259926557541,-0.0034050000831484795,1,0.9999799728393555,0.006354534532874823,0.0007587260333821177,0,-0.006350791081786156,0.9999680519104004,-0.004832928068935871,0,-0.0007894125301390886,0.004828010685741901,0.9999880194664001,0,0,0.15653100609779358,0,1,0.9999800324440002,0.006355462595820427,0.0007292103255167603,0,-0.006351863034069538,0.9999680519104004,-0.0048313443548977375,0,-0.0007598921656608582,0.0048266141675412655,0.9999880790710449,0,0,0.17889299988746643,0,1,0.9999719262123108,-0.0014255484566092491,-0.007390278857201338,0,0.0019144400721415877,0.9977799654006958,0.06657429784536362,0,0.007278962526470423,-0.06658653169870377,0.9977540373802185,0,0,0.2012539952993393,0,1,0.999439537525177,0.011485276743769646,-0.031459249556064606,0,-0.014817917719483376,0.9940572381019592,-0.10784081369638443,0,0.030033713206648827,0.10824653506278992,0.9936702847480774,0,0,0.0920649990439415,0.0029670000076293945,1,-0.16377882659435272,-0.024703942239284515,-0.9861876964569092,0,0.9862708449363708,0.01732371561229229,-0.16422662138938904,0,0.021141432225704193,-0.9995442032814026,0.021527539938688278,0,0.05645899847149849,0.18508100509643555,-0.0005530000198632479,1,0.785343587398529,0.615808367729187,-0.06336695700883865,0,-0.03452732786536217,0.1457720845937729,0.9887151122093201,0,0.6180964112281799,-0.7742935419082642,0.1357434242963791,0,0,0.11397500336170197,0,1,0.9828241467475891,0.18396517634391785,-0.014611836522817612,0,-0.1840536743402481,0.9829041361808777,-0.004945958498865366,0,0.013452145271003246,0.007550367154181004,0.9998810291290283,0,0,0.32672300934791565,0,1,0.9700915813446045,-0.058947063982486725,0.23547257483005524,0,0.0461975522339344,0.9971707463264465,0.05930385738611221,0,-0.23830217123031616,-0.04665191471576691,0.9700701832771301,0,0,0.2040569931268692,0,1,0.6834695935249329,0.26648005843162537,-0.6796017289161682,0,-0.033775512129068375,0.9415346384048462,0.3352193534374237,0,0.7291974425315857,-0.20615823566913605,0.6525104641914368,0,0,0.09350799769163132,0,1,0.989188015460968,0.1464860588312149,0.007063272409141064,0,-0.12159667164087296,0.7922854423522949,0.5979102253913879,0,0.08198937773704529,-0.5923044681549072,0.8015315532684326,0,0,0.03336799889802933,0,1,0.9962369799613953,-0.08632199466228485,0.007736809551715851,0,0.07938100397586823,0.9446600675582886,0.3183028995990753,0,-0.034785207360982895,-0.3164910674095154,0.9479579925537109,0,-0.0007980000227689743,0.03864999860525131,-0.01931699924170971,1,-0.09423588216304779,0.010459871962666512,0.9954944849014282,0,-0.994545042514801,0.04391847550868988,-0.09460746496915817,0,-0.04471023380756378,-0.9989805817604065,0.006264118477702141,0,-0.05645899847149849,0.18507300317287445,-0.0002680000034160912,1,0.9551981687545776,-0.29252949357032776,-0.04498010873794556,0,0.0924430564045906,0.1505098193883896,0.9842766523361206,0,-0.28115999698638916,-0.9443374872207642,0.1708090454339981,0,0,0.11397500336170197,0,1,0.9897761344909668,-0.14153757691383362,0.017636358737945557,0,0.14163841307163239,0.9899082779884338,-0.0045981877483427525,0,-0.016807548701763153,0.0070491572842001915,0.9998340010643005,0,0,0.3267349898815155,0,1,0.9729068279266357,-0.0854882001876831,0.2148103415966034,0,0.07722362130880356,0.9959242343902588,0.04659170284867287,0,-0.21791791915893555,-0.028740961104631424,0.9755433797836304,0,0,0.20520199835300446,0,1,0.9973674416542053,-0.053263112902641296,-0.04921324551105499,0,0.0693761333823204,0.89840167760849,0.4336601793766022,0,0.021115165203809738,-0.4359326660633087,0.8997315764427185,0,0,0.08449699729681015,0,1,0.936462938785553,0.3312907814979553,0.11525573581457138,0,-0.3504815399646759,0.8704925179481506,0.34555163979530334,0,0.014148798771202564,-0.36399102210998535,0.9312946200370789,0,0,0.0311489999294281,0,1,0.9038859605789185,0.3611350655555725,0.22928506135940552,0,-0.4248218834400177,0.82066810131073,0.38213783502578735,0,-0.05016361549496651,-0.4428146481513977,0.8952091336250305,0,0.01579499989748001,0.04596000164747238,-0.002400000113993883,1,-0.9455654621124268,-0.17556312680244446,0.27401459217071533,0,0.20239579677581787,-0.9766008257865906,0.07270918041467667,0,0.2548377513885498,0.1242106631398201,0.9589729905128479,0,0.08352500200271606,-0.07456299662590027,-0.00027099999715574086,1,0.9868837594985962,0.09985407441854477,0.12684249877929688,0,-0.016810860484838486,0.8450374007225037,-0.5344427227973938,0,-0.16055305302143097,0.525300920009613,0.8356329202651978,0,0,0.3741450011730194,0,1,0.9695160984992981,-0.10044484585523605,-0.22349418699741364,0,0.2304886281490326,0.06433034688234329,0.9709459543228149,0,-0.08314904570579529,-0.9928603768348694,0.0855206772685051,0,0,0.283378005027771,0,1,0.9705910682678223,0.0000014071544001126313,-0.2407357543706894,0,0.10652339458465576,0.8967708945274353,0.42948299646377563,0,0.2158852368593216,-0.4424959421157837,0.8703969120979309,0,0,0.13549700379371643,0,1,-0.9606695771217346,0.11836684495210648,-0.251203328371048,0,-0.13986334204673767,-0.98773193359375,0.06945665180683136,0,-0.23990024626255035,0.10185905545949936,0.9654394388198853,0,-0.08352500200271606,-0.07456299662590027,0.002302000066265464,1,0.9951307773590088,-0.05680098012089729,-0.08054793626070023,0,0.008435082621872425,0.8633198738098145,-0.5045864582061768,0,0.09819970279932022,0.5014504790306091,0.8595958352088928,0,0,0.37443000078201294,0,1,0.9661070108413696,0.043086592108011246,0.2545207142829895,0,-0.2574438750743866,0.08835642784833908,0.9622452855110168,0,0.018971329554915428,-0.9951565861701965,0.09645413607358932,0,0,0.28327998518943787,0,1,0.9760289788246155,-0.000020946468794136308,0.21763885021209717,0,-0.09745494276285172,0.8940999507904053,0.43713513016700745,0,-0.1946001648902893,-0.44786685705184937,0.87266606092453,0,0,0.1334020048379898,0,1
K0.134,0.9976778030395508,-0.02500041201710701,0.06336203962564468,0,0.02895224839448929,0.9976409077644348,-0.0622388981282711,0,-0.06165657564997673,0.06392884999513626,0.996048092842102,0,-0.023853784427046776,0.7665121555328369,-0.008446015417575836,1,0.9993076920509338,0.03698837384581566,0.004032803233712912,0,-0.03696135804057121,0.999295175075531,-0.006580081768333912,0,-0.004273346625268459,0.006426467560231686,0.9999703168869019,0,0,0.1341259926557541,-0.0034050000831484795,1,0.9999790191650391,0.006363017950206995,0.000791338097769767,0,-0.00635930709540844,0.9999690651893616,-0.004608603660017252,0,-0.0008206386119127274,0.004603476729243994,0.9999890327453613,0,0,0.15653100609779358,0,1,0.9999790191650391,0.006363959051668644,0.0007608269224874675,0,-0.00636038975790143,0.9999690651893616,-0.004607494920492172,0,-0.0007901255739852786,0.004602561239153147,0.9999889731407166,0,0,0.17889299988746643,0,1,0.9999699592590332,-0.00205810833722353,-0.007473987992852926,0,0.0025569992139935493,0.997725248336792,0.06736639142036438,0,0.007318336516618729,-0.06738345324993134,0.9977002143859863,0,0,0.2012539952993393,0,1,0.9994645118713379,0.008343689143657684,-0.03164427727460861,0,-0.011706720106303692,0.994122326374054,-0.1076277643442154,0,0.030560271814465523,0.10794058442115784,0.993687629699707,0,0,0.0920649990439415,0.0029670000076293945,1,-0.1635473519563675,-0.024587981402873993,-0.986229419708252,0,0.9863197803497314,0.01685214601457119,-0.16398246586322784,0,0.02065206877887249,-0.9995555281639099,0.021495457738637924,0,0.05645899847149849,0.18508100509643555,-0.0005530000198632479,1,0.7845399379730225,0.6168891787528992,-0.06280761957168579,0,-0.035298947244882584,0.14555703103542328,0.9887202382087708,0,0.6190729737281799,-0.7734736204147339,0.1359708458185196,0,0,0.11397500336170197,0,1,0.982781171798706,0.18419446051120758,-0.014612876810133457,0,-0.18428310751914978,0.9828612208366394,-0.00495279161259532,0,0.01345014851540327,0.007560414262115955,0.9998810887336731,0,0,0.32672300934791565,0,1,0.9700115919113159,-0.05395875126123428,0.23699524998664856,0,0.042521487921476364,0.9976824522018433,0.05311230570077896,0,-0.23931193351745605,-0.04144217073917389,0.9700581431388855,0,0,0.2040569931268692,0,1,0.6833541393280029,0.2667880356311798,-0.6795964241027832,0,-0.03437662497162819,0.9415678381919861,0.33506304025650024,0,0.7292772531509399,-0.20560455322265625,0.6525958180427551,0,0,0.09350799769163132,0,1,0.9891306161880493,0.14686526358127594,0.007124626077711582,0,-0.12190317362546921,0.7919907569885254,0.5982399582862854,0,0.08221801370382309,-0.5926058888435364,0.8012855052947998,0,0,0.03336799889802933,0,1,0.9962369799613953,-0.08632209151983261,0.007737339939922094,0,0.07938093692064285,0.9446600079536438,0.3183019161224365,0,-0.03478565439581871,-0.3164900243282318,0.9479579329490662,0,-0.0007980000227689743,0.03864999860525131,-0.01931699924170971,1,-0.09336406737565994,0.010236895643174648,0.995578944683075,0,-0.9946033358573914,0.04447855427861214,-0.09372992813587189,0,-0.04524141550064087,-0.9989574551582336,0.006028968375176191,0,-0.05645899847149849,0.18507300317287445,-0.0002680000034160912,1,0.9542721509933472,-0.29540878534317017,-0.045812930911779404,0,0.09430710971355438,0.15206417441368103,0.983860969543457,0,-0.2836747169494629,-0.9431917071342468,0.172969788312912,0,0,0.11397500336170197,0,1,0.9894542694091797,-0.14376817643642426,0.017647121101617813,0,0.1438705176115036,0.989585280418396,-0.004671019036322832,0,-0.016791781410574913,0.007160657551139593,0.9998329877853394,0,0,0.3267349898815155,0,1,0.9730086326599121,-0.08748132735490799,0.21354618668556213,0,0.07939664274454117,0.9957738518714905,0.046163368970155716,0,-0.21668197214603424,-0.02796248160302639,0.9758414626121521,0,0,0.20520199835300446,0,1,0.9973879456520081,-0.05305008590221405,-0.049012161791324615,0,0.06908557564020157,0.8986498713493347,0.43319186568260193,0,0.021063925698399544,-0.4354467988014221,0.8999683856964111,0,0,0.08449699729681015,0,1,0.9364510774612427,0.33127883076667786,0.1153821125626564,0,-0.35051143169403076,0.8703486323356628,0.3458832800388336,0,0.01416114903986454,-0.36434561014175415,0.9311561584472656,0,0,0.0311489999294281,0,1,0.9038872718811035,0.3611367344856262,0.22927726805210114,0,-0.42481958866119385,0.8206730484962463,0.3821304738521576,0,-0.05016031116247177,-0.4428043067455292,0.895213782787323,0,0.01579499989748001,0.04596000164747238,-0.002400000113993883,1,-0.9455986618995667,-0.17534413933753967,0.2740401327610016,0,0.20217083394527435,-0.9766479134559631,0.07270098477602005,0,0.25489309430122375,0.1241488978266716,0.9589666724205017,0,0.08352500200271606,-0.07456299662590027,-0.00027099999715574086,1,0.9868699908256531,0.09979291260242462,0.1269979625940323,0,-0.016696449369192123,0.8451108336448669,-0.5343301296234131,0,-0.16064979135990143,0.5251942276954651,0.835681140422821,0,0,0.3741450011730194,0,1,0.9695705771446228,-0.10035011172294617,-0.22330187261104584,0,0.23034265637397766,0.06498746573925018,0.9709365963935852,0,-0.08292174339294434,-0.992827296257019,0.08612482994794846,0,0,0.283378005027771,0,1,0.970591127872467,0.0000018674425064091338,-0.24073566496372223,0,0.10652289539575577,0.8967701196670532,0.42948293685913086,0,0.21588532626628876,-0.442496120929718,0.8703967928886414,0,0,0.13549700379371643,0,1,-0.9607576131820679,0.11835410445928574,-0.25087395310401917,0,-0.13985291123390198,-0.9877223968505859,0.06961162388324738,0,-0.23955491185188293,0.10196530818939209,0.9655135273933411,0,-0.08352500200271606,-0.07456299662590027,0.002302000066265464,1,0.9951181411743164,-0.05724499002099037,-0.08039350807666779,0,0.008871649391949177,0.863178551197052,-0.504820704460144,0,0.09829237312078476,0.5016428232192993,0.8594722151756287,0,0,0.37443000078201294,0,1,0.9661001563072205,0.0431920625269413,0.25453078746795654,0,-0.25746822357177734,0.08857741206884384,0.9622186422348022,0,0.019014505669474602,-0.9951326847076416,0.0966951847076416,0,0,0.28327998518943787,0,1,0.9760289788246155,-0.00002089544796035625,0.21763888001441956,0,-0.09745491296052933,0.8941001892089844,0.4371347427368164,0,-0.19460013508796692,-0.4478662610054016,0.8726658225059509,0,0,0.1334020048379898,0,1
