5.567,30,166,41
B0,mixamorig_Hips,-1,0.997718870639801,-0.024198906496167183,0.06302323937416077,0,0.028076911345124245,0.9977186918258667,-0.06139261648058891,0,-0.061393823474645615,0.06302206218242645,0.9961221218109131,0,-0.022921346127986908,0.7812062501907349,-0.03413264825940132,1
B1,mixamorig_Spine,0,0.9993897676467896,0.034778352826833725,0.0033624195493757725,0,-0.0348556824028492,0.9990381002426147,0.026621835306286812,0,-0.0024333202745765448,-0.026722775772213936,0.999640166759491,0,0,0.1327120065689087,0.0014430000446736813,1
B2,mixamorig_Spine1,1,0.9999799132347107,0.006353115197271109,0.00050270528299734,0,-0.006350458133965731,0.9999668598175049,-0.005120387300848961,0,-0.0005352188600227237,0.005117090418934822,0.9999867677688599,0,0,0.15484000742435455,0,1
B3,mixamorig_Spine2,2,0.9999799728393555,0.006353040225803852,0.0004735354450531304,0,-0.006350533105432987,0.9999668598175049,-0.005119294859468937,0,-0.0005060426774434745,0.005116183310747147,0.9999867677688599,0,0,0.17696000635623932,0,1
B4,mixamorig_Neck,3,0.9999732971191406,-0.0011292448034510016,-0.007219210732728243,0,0.0013369221705943346,0.9995837211608887,0.02882748655974865,0,0.007183649577200413,-0.028836356475949287,0.99955815076828,0,0,0.19908000528812408,0,1
B5,mixamorig_Head,4,0.9994153380393982,0.014500332064926624,-0.030952390283346176,0,-0.017734013497829437,0.9941116571426392,-0.10689625889062881,0,0.029220113530755043,0.10738272219896317,0.9937880635261536,0,0,0.05678899958729744,0.008674999698996544,1
B6,mixamorig_HeadTop_End,5,1,0,0,0,0,1,0,0,0,0,1,0,0,0.3051069974899292,0.04660699889063835,1
B7,mixamorig_LeftShoulder,3,-0.15431302785873413,-0.021221822127699852,-0.9877944588661194,0,0.9748660326004028,-0.16588059067726135,-0.14872951805591583,0,-0.16069942712783813,-0.9859170913696289,0.04628587141633034,0,0.069862000644207,0.17641699314117432,0.0006750000175088644,1
B8,mixamorig_LeftArm,7,0.7989293932914734,0.5853935480117798,-0.13793650269508362,0,-0.07152421027421951,0.32020148634910583,0.9446455836296082,0,0.5971566438674927,-0.7448390126228333,0.2976880371570587,0,0,0.14940999448299408,0,1
B9,mixamorig_LeftForeArm,8,0.9830613136291504,0.1832716315984726,-0.0016545385587960482,0,-0.1832762211561203,0.9830554127693176,-0.0033822401892393827,0,0.0010066343238577247,0.003628186881542206,0.9999930262565613,0,0,0.2703000009059906,0,1
B10,mixamorig_LeftHand,9,0.9979598522186279,-0.0515904426574707,-0.03761693090200424,0,0.0538984052836895,0.9965465664863586,0.06316736340522766,0,0.03422817587852478,-0.06506595760583878,0.9972936511039734,0,0,0.2722789943218231,0,1
B11,mixamorig_LeftHandThumb1,10,0.9619228839874268,0.22436322271823883,-0.15609684586524963,0,-0.1800767481327057,0.949868381023407,0.2555822730064392,0,0.20561470091342926,-0.217740997672081,0.9541025757789612,0,-0.02849300019443035,0.031202999874949455,0,1
B12,mixamorig_LeftHandThumb2,11,0.9971399307250977,0.004802620504051447,0.07542194426059723,0,-0.0030442411080002785,0.9997215270996094,-0.023411601781845093,0,-0.07551337778568268,0.023115042597055435,0.9968769550323486,0,-0.005913999862968922,0.03328299894928932,0,1
B13,mixamorig_LeftHandThumb3,12,0.9883734583854675,0.0076309507712721825,0.15185491740703583,0,-0.009918710216879845,0.9998481273651123,0.0143136503174901,0,-0.15172263979911804,-0.01565343700349331,0.9882990121841431,0,0.00011000000085914508,0.026717999950051308,0,1
B14,mixamorig_LeftHandThumb4,13,1,0,0,0,0,1,0,0,0,0,1,0,0.005803999956697226,0.018717000260949135,0,1
B15,mixamorig_LeftHandIndex1,10,0.9861124753952026,0.15904486179351807,0.047812569886446,0,-0.16588900983333588,0.9296313524246216,0.3290378451347351,0,0.007883720099925995,-0.3324001431465149,0.9431055188179016,0,0,0.07073699682950974,0.0002589999930933118,1
B16,mixamorig_LeftHandIndex2,15,0.9978098273277283,-0.06570906192064285,-0.007564622443169355,0,0.06564584374427795,0.969814121723175,0.2348424643278122,0,-0.008095006458461285,-0.23482486605644226,0.972004234790802,0,0.0020639998838305473,0.041429001837968826,0,1
B17,mixamorig_LeftHandIndex3,16,0.9955880045890808,0.09381578862667084,-0.001959892688319087,0,-0.09330219775438309,0.9919310212135315,0.08583882451057434,0,0.009997107088565826,-0.08527717739343643,0.9963070154190063,0,-0.002319999970495701,0.03904300183057785,0,1
B18,mixamorig_LeftHandIndex4,17,1,0,0,0,0,1,0,0,0,0,1,0,0.00025599999935366213,0.015521000139415264,0,1
B19,mixamorig_RightShoulder,3,-0.10342632979154587,0.010742570273578167,0.9945793151855469,0,-0.9851014018058777,-0.1392364501953125,-0.10093684494495392,0,0.1373973786830902,-0.9902008175849915,0.024983273819088936,0,-0.069862000644207,0.17640699446201324,-0.00018200000340584666,1
B20,mixamorig_RightArm,19,0.9589607119560242,-0.2815447151660919,-0.03357051685452461,0,0.1271546185016632,0.3212013244628906,0.9384351968765259,0,-0.2534286379814148,-0.9041914343833923,0.3438192307949066,0,0,0.14940999448299408,0,1
B21,mixamorig_RightForeArm,20,0.9901884198188782,-0.13972207903862,0.002161698881536722,0,0.13972438871860504,0.9901905059814453,-0.0009246315457858145,0,-0.002011300763115287,0.0012176006566733122,0.9999970197677612,0,0,0.2703149914741516,0,1
B22,mixamorig_RightHand,21,0.8283664584159851,-0.08726705610752106,0.5533483028411865,0,0.08100098371505737,0.9960695505142212,0.03582834452390671,0,-0.5542999505996704,0.015142761170864105,0.832179069519043,0,0,0.27237099409103394,0,1
B23,mixamorig_RightHandThumb1,22,0.9582231044769287,-0.27051806449890137,0.0928853377699852,0,0.25750723481178284,0.957287073135376,0.13149620592594147,0,-0.12449011951684952,-0.10208413749933243,0.9869557023048401,0,0.026701999828219414,0.03265500068664551,0,1
B24,mixamorig_RightHandThumb2,23,0.9430279731750488,0.23438923060894012,-0.23613595962524414,0,-0.17963814735412598,0.9560791254043579,0.23160748183727264,0,0.28005102276802063,-0.17599335312843323,0.9437148571014404,0,0.0064690001308918,0.03311999887228012,0,1
B25,mixamorig_RightHandThumb3,24,0.8935022354125977,-0.44661274552345276,-0.046805061399936676,0,0.44217389822006226,0.8931928277015686,-0.0817844495177269,0,0.07833190262317657,0.05237859860062599,0.9955499768257141,0,0.0023980000987648964,0.027009999379515648,0,1
B26,mixamorig_RightHandThumb4,25,1,0,0,0,0,1,0,0,0,0,1,0,-0.008867999538779259,0.01652899943292141,0,1
B27,mixamorig_RightHandIndex1,22,0.984115481376648,-0.1648901253938675,-0.06578147411346436,0,0.1773342788219452,0.8957877159118652,0.40757477283477783,0,-0.008278826251626015,-0.4127660393714905,0.9107993841171265,0,0,0.061167001724243164,0.001075000036507845,1
B28,mixamorig_RightHandIndex2,27,0.9908057451248169,-0.13364961743354797,-0.02101382054388523,0,0.13352055847644806,0.9409196376800537,0.3111942410469055,0,-0.02181868627667427,-0.31113895773887634,0.9501140713691711,0,0.0012580000329762697,0.043793000280857086,0,1
B29,mixamorig_RightHandIndex3,28,0.999990701675415,-0.004230623133480549,-0.0011743716895580292,0,0.004325277637690306,0.9951862692832947,0.09790705889463425,0,0.0007545101689174771,-0.09791115671396255,0.9951946139335632,0,-0.00101200002245605,0.03587700054049492,0,1
B30,mixamorig_RightHandIndex4,29,1,0,0,0,0,1,0,0,0,0,1,0,-0.0002460000105202198,0.026379000395536423,0,1
B31,mixamorig_LeftUpLeg,0,-0.9464223980903625,-0.16971518099308014,0.27473729848861694,0,0.18801067769527435,-0.9812902808189392,0.041485752910375595,0,0.2625564932823181,0.09091667085886002,0.9606242775917053,0,0.09093800187110901,-0.07378999888896942,0.026993999257683754,1
B32,mixamorig_LeftLeg,31,0.9866953492164612,0.11470528692007065,0.11521296948194504,0,-0.03763094171881676,0.8505573272705078,-0.5245342254638672,0,-0.15816213190555573,0.5132200121879578,0.8435576558113098,0,0,0.40217500925064087,0,1
B33,mixamorig_LeftFoot,32,0.9616624116897583,-0.08873803168535233,-0.25948211550712585,0,0.26925432682037354,0.12599079310894012,0.9547925591468811,0,-0.05203404277563095,-0.9880542755126953,0.14505364000797272,0,0,0.2589139938354492,0,1
B34,mixamorig_LeftToeBase,33,0.9789619445800781,0.0000015967555100360187,-0.20404408872127533,0,0.10666358470916748,0.8524830937385559,0.5117567777633667,0,0.1739448755979538,-0.5227541923522949,0.8345478773117065,0,0,0.14509999752044678,0,1
B35,mixamorig_LeftToe_End,34,1,0,0,0,0,1,0,0,0,0,1,0,0,0.06921099871397018,0,1
B36,mixamorig_RightUpLeg,0,-0.9606407284736633,0.11693518608808517,-0.25198325514793396,0,-0.13169662654399872,-0.9903799295425415,0.04247457534074783,0,-0.24459224939346313,0.07398810982704163,0.9667988419532776,0,-0.09093800187110901,-0.07378999888896942,0.028398999944329262,1
B37,mixamorig_RightLeg,36,0.9952040910720825,-0.06509073078632355,-0.07302523404359818,0,0.020341524854302406,0.8678778409957886,-0.4963603615760803,0,0.0956854522228241,0.49249449372291565,0.8650397658348083,0,0,0.4023919999599457,0,1
B38,mixamorig_RightFoot,37,0.9583329558372498,0.03040190413594246,0.28402984142303467,0,-0.2853511869907379,0.14754021167755127,0.9469990134239197,0,-0.013115263544023037,-0.9885884523391724,0.15006785094738007,0,0,0.2589719891548157,0,1
B39,mixamorig_RightToeBase,38,0.9777729511260986,-0.000022813868781668134,0.20966623723506927,0,-0.10956700891256332,0.8525353670120239,0.5110556483268738,0,-0.1787596195936203,-0.5226691365242004,0.8335839509963989,0,0,0.14532600343227386,0,1
B40,mixamorig_RightToe_End,39,1,0,0,0,0,1,0,0,0,0,1,0,0,0.06869500130414963,0,1
@34,0,1,2,3,4,5,7,8,9,10,11,12,13,15,16,17,19,20,21,22,23,24,25,27,28,29,31,32,33,34,36,37,38,39
K0,0.9977539777755737,-0.024659009650349617,0.06228020042181015,0,0.028465991839766502,0.9977319836616516,-0.06099807098507881,0,-0.0606347918510437,0.0626339316368103,0.9961929321289062,0,-0.022941000759601593,0.7811639904975891,-0.03383399918675423,1,0.9994029998779297,0.03439677134156227,0.0033141521271318197,0,-0.03447023034095764,0.9990800023078918,0.02550399675965309,0,-0.0024338476359844208,-0.025603005662560463,0.9996690154075623,0,0,0.1327120065689087,0.0014430000446736813,1,0.9999790191650391,0.006457933224737644,0.0004990910529159009,0,-0.006455066613852978,0.9999639987945557,-0.005549171008169651,0,-0.0005349089042283595,0.005545828491449356,0.9999840259552002,0,0,0.15484000742435455,0,1,0.9999790191650391,0.006458848714828491,0.0004685913154389709,0,-0.006456151604652405,0.9999639987945557,-0.0055480701848864555,0,-0.0005044087301939726,0.0055449302308261395,0.9999849796295166,0,0,0.17696000635623932,0,1,0.9999780058860779,-0.0005049749161116779,-0.006668685935437679,0,0.0006780251278541982,0.9996619820594788,0.02597302943468094,0,0.0066533139906823635,-0.025976968929171562,0.9996399879455566,0,0,0.19908000528812408,0,1,0.9994639754295349,0.015720674768090248,-0.028724083676934242,0,-0.018597329035401344,0.9945290684700012,-0.10279497504234314,0,0.02695091813802719,0.10327402502298355,0.9942879676818848,0,0,0.05678899958729744,0.008674999698996544,1,-0.15457935631275177,-0.021255075931549072,-0.9877519607543945,0,0.9747680425643921,-0.16623979806900024,-0.14897017180919647,0,-0.16103719174861908,-0.9858559370040894,0.04641597718000412,0,0.069862000644207,0.17641699314117432,0.0006750000175088644,1,0.798772931098938,0.5851809978485107,-0.1397312432527542,0,-0.07081200182437897,0.32208362221717834,0.9440587162971497,0,0.5974507331848145,-0.7441942691802979,0.2987096905708313,0,0,0.14940999448299408,0,1,0.9834470152854919,0.18118815124034882,-0.0016475789016112685,0,-0.18119283020496368,0.9834420084953308,-0.003343911375850439,0,0.0010144211119040847,0.003587088780477643,0.9999930262565613,0,0,0.2703000009059906,0,1,0.9975969791412354,-0.056495118886232376,-0.040105294436216354,0,0.05926688015460968,0.9956660270690918,0.07166613638401031,0,0.035882703959941864,-0.07387086749076843,0.9966220855712891,0,0,0.2722789943218231,0,1,0.9629291296005249,0.22719663381576538,-0.14542995393276215,0,-0.18773241341114044,0.9515519738197327,0.24352891743183136,0,0.19371303915977478,-0.2071991115808487,0.9589290022850037,0,-0.02849300019443035,0.031202999874949455,0,1,0.9971280097961426,0.011935431510210037,0.07478497922420502,0,-0.009926567785441875,0.999580979347229,-0.027176201343536377,0,-0.07507802546024323,0.0263558030128479,0.9968290328979492,0,-0.005913999862968922,0.03328299894928932,0,1,0.9874370098114014,0.017055010423064232,0.15709221363067627,0,-0.023487985134124756,0.9989559650421143,0.039185263216495514,0,-0.15625979006290436,-0.042382728308439255,0.9868060350418091,0,0.00011000000085914508,0.026717999950051308,0,1,0.9863749146461487,0.15665005147457123,0.05025713890790939,0,-0.16429996490478516,0.9224029779434204,0.349540114402771,0,0.008398140780627728,-0.3530349135398865,0.9355729222297668,0,0,0.07073699682950974,0.0002589999930933118,1,0.9978200197219849,-0.06555133312940598,-0.007576923817396164,0,0.06548867374658585,0.9696269631385803,0.23565827310085297,0,-0.008100924082100391,-0.2356407344341278,0.9718060493469238,0,0.0020639998838305473,0.041429001837968826,0,1,0.995587944984436,0.09381527453660965,-0.0019599138759076595,0,-0.0933016985654831,0.9919310212135315,0.08583882451057434,0,0.00999708566814661,-0.08527717739343643,0.9963070154190063,0,-0.002319999970495701,0.03904300183057785,0,1,-0.10514991730451584,0.011149697005748749,0.994394063949585,0,-0.9846981167793274,-0.14090295135974884,-0.10254470258951187,0,0.13896973431110382,-0.9899611473083496,0.02579496055841446,0,-0.069862000644207,0.17640699446201324,-0.00018200000340584666,1,0.9599940180778503,-0.27823305130004883,-0.03159639239311218,0,0.12414991110563278,0.3217639625072479,0.93864506483078,0,-0.250995397567749,-0.9050159454345703,0.3434339463710785,0,0,0.14940999448299408,0,1,0.9905189871788025,-0.13735736906528473,0.0021596637088805437,0,0.1373596340417862,0.9905210733413696,-0.0009089838713407516,0,-0.0020143361762166023,0.0011970160994678736,0.9999970197677612,0,0,0.2703149914741516,0,1,0.8282668590545654,-0.08509686589241028,0.5538341403007507,0,0.0788041427731514,0.9962679743766785,0.0352243036031723,0,-0.5547649264335632,0.014469299465417862,0.8318820595741272,0,0,0.27237099409103394,0,1,0.9584020972251892,-0.26986566185951233,0.09294616430997849,0,0.2567903697490692,0.9574159383773804,0.13196100294589996,0,-0.12459985166788101,-0.10260400176048279,0.98688805103302,0,0.026701999828219414,0.03265500068664551,0,1,0.9430280327796936,0.234389066696167,-0.23613595962524414,0,-0.17963795363903046,0.9560791254043579,0.2316075563430786,0,0.28005102276802063,-0.17599347233772278,0.9437148571014404,0,0.0064690001308918,0.03311999887228012,0,1,0.8942570686340332,-0.44494596123695374,-0.04823615774512291,0,0.44050905108451843,0.8941019177436829,-0.08082506060600281,0,0.07909085601568222,0.051029935479164124,0.9955599904060364,0,0.0023980000987648964,0.027009999379515648,0,1,0.9840270280838013,-0.1650802046060562,-0.06663209199905396,0,0.17782479524612427,0.8939530849456787,0.41137006878852844,0,-0.008343091234564781,-0.4166480004787445,0.9090290665626526,0,0,0.061167001724243164,0.001075000036507845,1,0.9906410574913025,-0.13478069007396698,-0.021537993103265762,0,0.13464830815792084,0.9391849040985107,0.3159143030643463,0,-0.022350991144776344,-0.31585773825645447,0.9485430717468262,0,0.0012580000329762697,0.043793000280857086,0,1,0.9999890327453613,-0.004627029411494732,-0.0012252230662852526,0,0.004725971259176731,0.9950270056724548,0.099492147564888,0,0.0007587769068777561,-0.09949684888124466,0.9950379729270935,0,-0.00101200002245605,0.03587700054049492,0,1,-0.9462711811065674,-0.17027214169502258,0.27491459250450134,0,0.18871483206748962,-0.9811380505561829,0.04188547655940056,0,0.26259738206863403,0.09151553362607956,0.9605559706687927,0,0.09093800187110901,-0.07378999888896942,0.026993999257683754,1,0.9867409467697144,0.11464477330446243,0.1148863136768341,0,-0.03762522339820862,0.8501458764076233,-0.5252012014389038,0,-0.15788167715072632,0.5139147639274597,0.8431870937347412,0,0,0.40217500925064087,0,1,0.9614660739898682,-0.08841409534215927,-0.2603178024291992,0,0.2699938714504242,0.12516796588897705,0.9546921253204346,0,-0.05182477831840515,-0.9881880283355713,0.14421598613262177,0,0,0.2589139938354492,0,1,0.9789619445800781,0.0000016296426110784523,-0.20404407382011414,0,0.10666362196207047,0.8524828553199768,0.5117571353912354,0,0.17394490540027618,-0.5227548480033875,0.8345481157302856,0,0,0.14509999752044678,0,1,-0.9610799551010132,0.11562392115592957,-0.2509121000766754,0,-0.13023407757282257,-0.9905779361724854,0.042368873953819275,0,-0.2436489313840866,0.07339712232351303,0.9670820236206055,0,-0.09093800187110901,-0.07378999888896942,0.028398999944329262,1,0.994940996170044,-0.06769008189439774,-0.07423912733793259,0,0.022033914923667908,0.8679779767990112,-0.4961138963699341,0,0.09801987558603287,0.491968035697937,0.8650779128074646,0,0,0.4023919999599457,0,1,0.9582069516181946,0.032082125544548035,0.28427016735076904,0,-0.2858488857746124,0.14687806367874146,0.9469520449638367,0,-0.011372800916433334,-0.988633930683136,0.14991016685962677,0,0,0.2589719891548157,0,1,0.9777730107307434,-0.0000231120520766126,0.20966677367687225,0,-0.10956712067127228,0.8525349497795105,0.5110560655593872,0,-0.17876024544239044,-0.5226699709892273,0.8335840106010437,0,0,0.14532600343227386,0,1
K0.034,0.9977328777313232,-0.02443143166601658,0.06270676851272583,0,0.028275396674871445,0.9977269172668457,-0.06116396561264992,0,-0.06106991693377495,0.06279835850000381,0.9961557984352112,0,-0.02292298898100853,0.7811980843544006,-0.033979129046201706,1,0.999397873878479,0.034532975405454636,0.003310547908768058,0,-0.03460763767361641,0.9990617632865906,0.0260453037917614,0,-0.0024080188013613224,-0.026144182309508324,0.9996549487113953,0,0,0.1327120065689087,0.0014430000446736813,1,0.9999799728393555,0.006368750240653753,0.0004971239250153303,0,-0.006366019602864981,0.9999659657478333,-0.005313715431839228,0,-0.000530948513187468,0.005310441832989454,0.9999859929084778,0,0,0.15484000742435455,0,1,0.9999799728393555,0.006368670146912336,0.00046713309711776674,0,-0.00636609923094511,0.9999659657478333,-0.0053126197308301926,0,-0.0005009513115510345,0.005309537053108215,0.9999859929084778,0,0,0.17696000635623932,0,1,0.9999749660491943,-0.0008112138602882624,-0.007064118515700102,0,0.0010055588791146874,0.9996197819709778,0.02755167707800865,0,0.007039083633571863,-0.02755809761583805,0.9995957612991333,0,0,0.19908000528812408,0,1,0.9994159936904907,0.01575418934226036,-0.030307874083518982,0,-0.018864288926124573,0.9942688345909119,-0.10523249208927155,0,0.028476331382989883,0.10574279725551605,0.993985652923584,0,0,0.05678899958729744,0.008674999698996544,1,-0.15444700419902802,-0.021226152777671814,-0.9877731204032898,0,0.9747945070266724,-0.16619229316711426,-0.14884641766548157,0,-0.16100096702575684,-0.9858653545379639,0.046359095722436905,0,0.069862000644207,0.17641699314117432,0.0006750000175088644,1,0.7989130020141602,0.5852383971214294,-0.1386885941028595,0,-0.07140764594078064,0.321256548166275,0.9442965388298035,0,0.5971925854682922,-0.7445065975189209,0.2984462380409241,0,0,0.14940999448299408,0,1,0.9832138419151306,0.18245014548301697,-0.0016520367935299873,0,-0.182454913854599,0.983208954334259,-0.0033671653363853693,0,0.0010099569335579872,0.003612063592299819,0.9999929666519165,0,0,0.2703000009059906,0,1,0.9977625012397766,-0.05476941913366318,-0.03833777830004692,0,0.05730816721916199,0.9959971904754639,0.06859427690505981,0,0.0344274677336216,-0.07063790410757065,0.9969079494476318,0,0,0.2722789943218231,0,1,0.9623469114303589,0.22563378512859344,-0.15158510208129883,0,-0.18340542912483215,0.9505699872970581,0.2505592107772827,0,0.20062676072120667,-0.21332323551177979,0.9561600685119629,0,-0.02849300019443035,0.031202999874949455,0,1,0.997143030166626,0.00791800208389759,0.07512535154819489,0,-0.006054973695427179,0.9996694922447205,-0.02499436028301716,0,-0.07529841363430023,0.024468066170811653,0.9968611598014832,0,-0.005913999862968922,0.03328299894928932,0,1,0.9879680275917053,0.011786743067204952,0.15420757234096527,0,-0.01580546423792839,0.999565601348877,0.024860462173819542,0,-0.15384763479232788,-0.026998676359653473,0.9877256751060486,0,0.00011000000085914508,0.026717999950051308,0,1,0.9862431287765503,0.15787740051746368,0.04898110777139664,0,-0.16510102152824402,0.9262382388114929,0.3388581871986389,0,0.00812987145036459,-0.3422832787036896,0.9395614862442017,0,0,0.07073699682950974,0.0002589999930933118,1,0.9978000521659851,-0.06586574763059616,-0.0075521511025726795,0,0.0658019557595253,0.9699995517730713,0.23403191566467285,0,-0.008089102804660797,-0.23401395976543427,0.9721994996070862,0,0.0020639998838305473,0.041429001837968826,0,1,0.9955880045890808,0.09381578862667084,-0.001959892688319087,0,-0.09330219775438309,0.9919310212135315,0.08583882451057434,0,0.009997107088565826,-0.08527717739343643,0.9963070154190063,0,-0.002319999970495701,0.03904300183057785,0,1,-0.10425367951393127,0.0109053123742342,0.9944906830787659,0,-0.9848556518554688,-0.1404106765985489,-0.10170396417379379,0,0.13852809369564056,-0.9900331497192383,0.025378543883562088,0,-0.069862000644207,0.17640699446201324,-0.00018200000340584666,1,0.9595031142234802,-0.2797818183898926,-0.032815419137477875,0,0.12588050961494446,0.32163205742836,0.9384596943855286,0,-0.2520093023777008,-0.9045852422714233,0.3438257873058319,0,0,0.14940999448299408,0,1,0.9903180003166199,-0.13880011439323425,0.0021607396192848682,0,0.1388024091720581,0.9903200268745422,-0.0009190397686325014,0,-0.002012259792536497,0.001210056827403605,0.9999970197677612,0,0,0.2703149914741516,0,1,0.8286307454109192,-0.08535023033618927,0.5532511472702026,0,0.07820938527584076,0.9962666034698486,0.03655640408396721,0,-0.5543054938316345,0.012977669015526772,0.832211971282959,0,0,0.27237099409103394,0,1,0.9583371877670288,-0.2701526880264282,0.09277395159006119,0,0.2571476101875305,0.9573773145675659,0.13154496252536774,0,-0.12435685098171234,-0.10220779478549957,0.9869590401649475,0,0.026701999828219414,0.03265500068664551,0,1,0.9430280327796936,0.2343900352716446,-0.23613597452640533,0,-0.17963899672031403,0.9560789465904236,0.23160716891288757,0,0.2800510823726654,-0.17599284648895264,0.94371497631073,0,0.0064690001308918,0.03311999887228012,0,1,0.8938443660736084,-0.44587063789367676,-0.0473429337143898,0,0.44142836332321167,0.8935902118682861,-0.08147823065519333,0,0.07863388955593109,0.05193031206727028,0.9955499768257141,0,0.0023980000987648964,0.027009999379515648,0,1,0.9840802550315857,-0.16497525572776794,-0.06609968096017838,0,0.1775306910276413,0.8951209187507629,0.4089527726173401,0,-0.008299865759909153,-0.4141768515110016,0.9101585745811462,0,0,0.061167001724243164,0.001075000036507845,1,0.990728497505188,-0.13418446481227875,-0.021260589361190796,0,0.13405369222164154,0.9401031136512756,0.3134244680404663,0,-0.02206956036388874,-0.3133687973022461,0.9493754506111145,0,0.0012580000329762697,0.043793000280857086,0,1,0.9999889731407166,-0.00442863255739212,-0.0011998858535662293,0,0.0045254407450556755,0.99510657787323,0.09869994968175888,0,0.0007569091394543648,-0.09870438277721405,0.9951165318489075,0,-0.00101200002245605,0.03587700054049492,0,1,-0.9463248252868652,-0.17002543807029724,0.27488189935684204,0,0.1883736252784729,-0.981216549873352,0.041584596037864685,0,0.2626483738422394,0.09113308787345886,0.9605783820152283,0,0.09093800187110901,-0.07378999888896942,0.026993999257683754,1,0.9867257475852966,0.11454916000366211,0.11510880291461945,0,-0.037512872368097305,0.8504369258880615,-0.5247374773025513,0,-0.1580011546611786,0.5134543776512146,0.8434457182884216,0,0,0.40217500925064087,0,1,0.9615933895111084,-0.08853816986083984,-0.25980493426322937,0,0.2695273160934448,0.12563863396644592,0.9547620415687561,0,-0.05189137160778046,-0.9881174564361572,0.14467674493789673,0,0,0.2589139938354492,0,1,0.9789619445800781,0.0000015967555100360187,-0.20404408872127533,0,0.10666358470916748,0.8524830937385559,0.5117567777633667,0,0.1739448755979538,-0.5227541923522949,0.8345478773117065,0,0,0.14509999752044678,0,1,-0.9607263803482056,0.11658830940723419,-0.2518162131309509,0,-0.13128328323364258,-0.9904415607452393,0.042306285351514816,0,-0.24447686970233917,0.07370404154062271,0.9668496251106262,0,-0.09093800187110901,-0.07378999888896942,0.028398999944329262,1,0.9951285719871521,-0.06564904749393463,-0.07355289906263351,0,0.0205959752202034,0.8680239319801331,-0.49609601497650146,0,0.09641388058662415,0.4921643137931824,0.8651472926139832,0,0,0.4023919999599457,0,1,0.9582992792129517,0.030842844396829605,0.2840964198112488,0,-0.2854849696159363,0.14740395545959473,0.9469801783561707,0,-0.012669377028942108,-0.9885950088500977,0.1500621736049652,0,0,0.2589719891548157,0,1,0.9777730107307434,-0.000022255850126384757,0.20966589450836182,0,-0.10956723988056183,0.8525357842445374,0.5110552906990051,0,-0.17875908315181732,-0.522668719291687,0.833584189414978,0,0,0.14532600343227386,0,1
K0.067,0.9977157115936279,-0.024147044867277145,0.06309503316879272,0,0.0280328206717968,0.9977168440818787,-0.061444975435733795,0,-0.0614672526717186,0.06307333707809448,0.9961144328117371,0,-0.022921059280633926,0.7812080383300781,-0.03416810557246208,1,0.9993878602981567,0.034834783524274826,0.003375358646735549,0,-0.03491276502609253,0.9990324974060059,0.02675679512321949,0,-0.002440024632960558,-0.026858245953917503,0.9996366500854492,0,0,0.1327120065689087,0.0014430000446736813,1,0.9999799728393555,0.006350157782435417,0.000504160241689533,0,-0.00634751608595252,0.9999669790267944,-0.005076719913631678,0,-0.0005363814416341484,0.005073416978120804,0.999987006187439,0,0,0.15484000742435455,0,1,0.9999799728393555,0.0063500842079520226,0.00047516345512121916,0,-0.006347589660435915,0.9999669790267944,-0.005075622349977493,0,-0.000507378252223134,0.005072503350675106,0.999987006187439,0,0,0.17696000635623932,0,1,0.9999729990959167,-0.001202069572173059,-0.007252911105751991,0,0.0014127398608252406,0.9995755553245544,0.02911139652132988,0,0.00721483351662755,-0.029120834544301033,0.9995495676994324,0,0,0.19908000528812408,0,1,0.9994152784347534,0.014203563332557678,-0.031092364341020584,0,-0.017464442178606987,0.994077742099762,-0.10725408047437668,0,0.029384851455688477,0.10773442685604095,0.9937450289726257,0,0,0.05678899958729744,0.008674999698996544,1,-0.15428267419338226,-0.021220650523900986,-0.987799346446991,0,0.9748818874359131,-0.16581150889396667,-0.14870302379131317,0,-0.1606326848268509,-0.9859285354614258,0.04626939445734024,0,0.069862000644207,0.17641699314117432,0.0006750000175088644,1,0.798930287361145,0.5854315757751465,-0.1377699077129364,0,-0.07154998183250427,0.3199654519557953,0.9447235465049744,0,0.5971523523330688,-0.7449105381965637,0.2975175678730011,0,0,0.14940999448299408,0,1,0.9830276966094971,0.18345236778259277,-0.0016550945583730936,0,-0.1834569126367569,0.9830214977264404,-0.0033855552319437265,0,0.0010059054475277662,0.0036317333579063416,0.9999930262565613,0,0,0.2703000009059906,0,1,0.9980039000511169,-0.05085406079888344,-0.037454310804605484,0,0.053110066801309586,0.9966666102409363,0.06192900612950325,0,0.03418009355664253,-0.06379454582929611,0.9973773956298828,0,0,0.2722789943218231,0,1,0.9618228077888489,0.2241005003452301,-0.15708857774734497,0,-0.17935511469841003,0.9497076869010925,0.25668415427207947,0,0.20671123266220093,-0.21870999038219452,0.9536438584327698,0,-0.02849300019443035,0.031202999874949455,0,1,0.997137725353241,0.004105173517018557,0.0754905715584755,0,-0.0023691942915320396,0.9997312426567078,-0.02307118847966194,0,-0.07556501030921936,0.02282630279660225,0.9968795776367188,0,-0.005913999862968922,0.03328299894928932,0,1,0.9884598255157471,0.0067010000348091125,0.151335671544075,0,-0.008611563593149185,0.9998909831047058,0.011972824111580849,0,-0.15123894810676575,-0.013137892819941044,0.9884098172187805,0,0.00011000000085914508,0.026717999950051308,0,1,0.9860833287239075,0.15930333733558655,0.047551773488521576,0,-0.1660645753145218,0.9303687214851379,0.3268575966358185,0,0.007828830741345882,-0.3302057683467865,0.9438765048980713,0,0,0.07073699682950974,0.0002589999930933118,1,0.9978122115135193,-0.06567230075597763,-0.0075675370171666145,0,0.06560921669006348,0.9697704911231995,0.23503269255161285,0,-0.008096368983387947,-0.23501518368721008,0.971958339214325,0,0.0020639998838305473,0.041429001837968826,0,1,0.9955880045890808,0.09381578862667084,-0.001959892688319087,0,-0.09330219775438309,0.9919310212135315,0.08583882451057434,0,0.009997107088565826,-0.08527717739343643,0.9963070154190063,0,-0.002319999970495701,0.03904300183057785,0,1,-0.10323973000049591,0.010705983266234398,0.9945992231369019,0,-0.9851570129394531,-0.13896866142749786,-0.10076376050710678,0,0.13713930547237396,-0.9902388453483582,0.024894168600440025,0,-0.069862000644207,0.17640699446201324,-0.00018200000340584666,1,0.9588355422019958,-0.2819504141807556,-0.03373708203434944,0,0.1274426132440567,0.3211086094379425,0.9384278059005737,0,-0.25375697016716003,-0.9040979743003845,0.34382298588752747,0,0,0.14940999448299408,0,1,0.990157961845398,-0.1399374157190323,0.0021619251929223537,0,0.13993971049785614,0.9901600480079651,-0.0009259558864869177,0,-0.002011074684560299,0.0012193809961900115,0.9999970197677612,0,0,0.2703149914741516,0,1,0.8283042311668396,-0.08770082890987396,0.5533729195594788,0,0.08163246512413025,0.9960238337516785,0.03566419705748558,0,-0.5543003082275391,0.01563239097595215,0.832169771194458,0,0,0.27237099409103394,0,1,0.9581992030143738,-0.27059388160705566,0.09291064739227295,0,0.2575816214084625,0.9572684168815613,0.1314859241247177,0,-0.12451983243227005,-0.10205774009227753,0.9869548082351685,0,0.026701999828219414,0.03265500068664551,0,1,0.9430280327796936,0.234389066696167,-0.23613595962524414,0,-0.17963795363903046,0.9560791254043579,0.2316075563430786,0,0.28005102276802063,-0.17599347233772278,0.9437148571014404,0,0.0064690001308918,0.03311999887228012,0,1,0.8934273719787598,-0.44677457213401794,-0.04668909311294556,0,0.44233667850494385,0.8931061625480652,-0.08184895664453506,0,0.07826633006334305,0.05247379094362259,0.9955500364303589,0,0.0023980000987648964,0.027009999379515648,0,1,0.9841235876083374,-0.16486985981464386,-0.06571056693792343,0,0.17728936672210693,0.8959355354309082,0.4072689712047577,0,-0.008273947983980179,-0.41245290637016296,0.9109412431716919,0,0,0.061167001724243164,0.001075000036507845,1,0.9908226728439331,-0.1335323452949524,-0.02095991186797619,0,0.13340364396572113,0.9410977959632874,0.3107052743434906,0,-0.021763887256383896,-0.310650110244751,0.9502752423286438,0,0.0012580000329762697,0.043793000280857086,0,1,0.9999909996986389,-0.004187108017504215,-0.001168779912404716,0,0.004281292203813791,0.9952037334442139,0.09773283451795578,0,0.000753955275285989,-0.09773686528205872,0.9952117204666138,0,-0.00101200002245605,0.03587700054049492,0,1,-0.9464431405067444,-0.16964636743068695,0.27470842003822327,0,0.1879308670759201,-0.9813064932823181,0.04146504029631615,0,0.26253899931907654,0.09087057411670685,0.9606335163116455,0,0.09093800187110901,-0.07378999888896942,0.026993999257683754,1,0.9866887927055359,0.11473751813173294,0.11523711681365967,0,-0.0376540906727314,0.8505828380584717,-0.5244914889335632,0,-0.1581975668668747,0.5131707191467285,0.8435809016227722,0,0,0.40217500925064087,0,1,0.9616804718971252,-0.08878370374441147,-0.25940003991127014,0,0.2691837251186371,0.12607140839099884,0.9548018574714661,0,-0.05206788703799248,-0.9880398511886597,0.1451394408941269,0,0,0.2589139938354492,0,1,0.9789619445800781,0.0000015967555100360187,-0.20404408872127533,0,0.10666358470916748,0.8524830937385559,0.5117567777633667,0,0.1739448755979538,-0.5227541923522949,0.8345478773117065,0,0,0.14509999752044678,0,1,-0.960624635219574,0.11700604856014252,-0.2520129680633545,0,-0.13178229331970215,-0.9903671145439148,0.04251520335674286,0,-0.24461059272289276,0.07405193150043488,0.9667893052101135,0,-0.09093800187110901,-0.07378999888896942,0.028398999944329262,1,0.9952191710472107,-0.06498407572507858,-0.07291491329669952,0,0.020296605303883553,0.8678441047668457,-0.4964207410812378,0,0.09553824365139008,0.49256762862205505,0.8650141954421997,0,0,0.4023919999599457,0,1,0.9583396911621094,0.03031410090625286,0.284016489982605,0,-0.28532442450523376,0.1475701630115509,0.9470024108886719,0,-0.013204841874539852,-0.9885867238044739,0.15007169544696808,0,0,0.2589719891548157,0,1,0.9777729511260986,-0.000022927932150196284,0.20966626703739166,0,-0.10956694930791855,0.8525352478027344,0.5110556483268738,0,-0.17875969409942627,-0.52266925573349,0.8335838913917542,0,0,0.14532600343227386,0,1
