0.733,30,22,33
B0,mixamorig_Hips,-1,0.9994503855705261,-0.03298825025558472,-0.0031504419166594744,0,0.0024838850367814302,-0.02022736892104149,0.9997922778129578,0,-0.03304513916373253,-0.9992509484291077,-0.020134320482611656,0,-0.38211631774902344,35.363197326660156,254.82025146484375,1
B1,mixamorig_Spine,0,0.9985479116439819,0.04163019359111786,-0.034189898520708084,0,-0.041367657482624054,0.9991092085838318,0.00835106335580349,0,0.034507088363170624,-0.006924578920006752,0.9993802905082703,0,0,8.79913330078125,1.6226550340652466,1
B2,mixamorig_Spine1,1,0.9999532699584961,0.003965006209909916,-0.008795970119535923,0,-0.004270933568477631,0.9993769526481628,-0.03503850847482681,0,0.00865156389772892,0.035074442625045776,0.9993473887443542,0,0,10.438746452331543,0,1
B3,mixamorig_Spine2,2,0.9999517798423767,0.0039480808191001415,-0.008986765518784523,0,-0.004260448273271322,0.9993779063224792,-0.035009000450372696,0,0.008842955343425274,0.03504559397697449,0.9993463754653931,0,0,11.9299955368042,0,1
B4,mixamorig_Neck,3,0.9855707287788391,-0.16680105030536652,0.02876473218202591,0,0.16524121165275574,0.911331295967102,-0.37705501914024353,0,0.0366789810359478,0.3763676583766937,0.9257441759109497,0,0,13.421246528625488,-0.0000019999999949504854,1
B5,mixamorig_Head,4,0.9795555472373962,0.19389194250106812,0.053638212382793427,0,-0.16778253018856049,0.93449866771698,-0.3139450252056122,0,-0.11099621653556824,0.29852694272994995,0.947924792766571,0,0,25.439292907714844,12.801201820373535,1
B6,mixamorig_HeadTop_End,5,1,0,0,0,0,1,0,0,0,0,1,0,0,9.795143127441406,4.9289751052856445,1
B7,mixamorig_LeftShoulder,3,0.21940679848194122,0.06671283394098282,-0.973349928855896,0,0.9286477565765381,-0.3201548755168915,0.18738709390163422,0,-0.29912152886390686,-0.9450130462646484,-0.13219685852527618,0,5.906147003173828,10.465089797973633,0.6422150135040283,1
B8,mixamorig_LeftArm,7,0.9350957870483398,-0.23067915439605713,0.26904189586639404,0,-0.10124902427196503,0.5536240339279175,0.8265889286994934,0,-0.33962482213974,-0.8001798391342163,0.4943353533744812,0,0,13.276083946228027,0,1
B9,mixamorig_LeftForeArm,8,0.9877883791923523,0.1556958705186844,0.005699440371245146,0,-0.15579089522361755,0.9866681694984436,0.04707306623458862,0,0.0017056240467354655,-0.04738612100481987,0.998874843120575,0,0,21.064205169677734,0,1
B10,mixamorig_LeftHand,9,0.9976597428321838,-0.026946745812892914,-0.06283765286207199,0,0.03206061199307442,0.9961291551589966,0.08184807002544403,0,0.06038888916373253,-0.08367115259170532,0.9946620464324951,0,0,18.91700553894043,0,1
B11,mixamorig_LeftHandIndex1,10,0.789245069026947,0.4515635669231415,-0.41615286469459534,0,0.4352957010269165,0.06660310924053192,0.897820234298706,0,0.4331400692462921,-0.8897498846054077,-0.14399753510951996,0,0,1.1143349409103394,0,1
B12,mixamorig_LeftHandIndex2,11,0.6385319828987122,0.31221187114715576,0.7034204006195068,0,-0.3658628761768341,-0.6809758543968201,0.6343631148338318,0,0.6770678758621216,-0.6624163389205933,-0.3205980062484741,0,0,1.6725499629974365,0,1
B13,mixamorig_LeftHandIndex3,12,0.8637118339538574,0.41103196144104004,0.2916404604911804,0,-0.2873480021953583,-0.07377814501523972,0.9549809098243713,0,0.41404443979263306,-0.9086307883262634,0.05438618361949921,0,0.3344370126724243,2.2891499996185303,-0.4589270055294037,1
B14,mixamorig_LeftHandIndex4,13,1,0,0,0,0,1,0,0,0,0,1,0,-0.21233400702476501,1.229140043258667,-0.09149900078773499,1
B15,mixamorig_RightShoulder,3,-0.27975544333457947,-0.027179496362805367,0.9596869945526123,0,-0.938501238822937,-0.20295678079128265,-0.2793276011943817,0,0.202366903424263,-0.9788105487823486,0.03127025067806244,0,-5.906147003173828,10.430466651916504,0.4544619917869568,1
B16,mixamorig_RightArm,15,0.6380696892738342,0.3898691236972809,-0.6639799475669861,0,0.3298804461956024,0.6407696604728699,0.6932483315467834,0,0.6957342028617859,-0.6613746285438538,0.28024545311927795,0,0,13.276083946228027,0,1
B17,mixamorig_RightForeArm,16,0.9999989867210388,7.575003957427384e-10,-0.0015150000108405948,0,7.57500284720436e-10,1,9.99999883788405e-7,0,0.0015150000108405948,-9.999999974752427e-7,0.9999989867210388,0,0,21.18159294128418,0,1
B18,mixamorig_RightHand,17,-0.6561132073402405,-0.2651676535606384,0.7065420150756836,0,-0.15491005778312683,0.9636224508285522,0.21779732406139374,0,-0.7385919690132141,0.0334491953253746,-0.6733219623565674,0,0,18.986501693725586,0,1
B19,mixamorig_RightHandIndex1,18,0.0891478955745697,-0.9900009632110596,-0.10931448638439178,0,0.9783948063850403,0.06648699194192886,0.19576232135295868,0,-0.18653708696365356,-0.12440464645624161,0.9745400547981262,0,0,1.640491008758545,0,1
B20,mixamorig_RightHandIndex2,19,-0.25068193674087524,-0.9524899125099182,-0.17297495901584625,0,0.9680128693580627,-0.24470248818397522,-0.0554225854575634,0,0.010462059639394283,-0.18133558332920074,0.9833660125732422,0,0,1.5764230489730835,0,1
B21,mixamorig_RightHandIndex3,20,-0.4965788424015045,-0.7910880446434021,-0.3571968078613281,0,0.8658438920974731,-0.4803931415081024,-0.13977298140525818,0,-0.06102216988801956,-0.37868502736091614,0.9235120415687561,0,0.5096039772033691,2.1182711124420166,0.4482240080833435,1
B22,mixamorig_RightHandIndex4,21,1,0,0,0,0,1,0,0,0,0,1,0,-0.008270000107586384,1.4761300086975098,0.265269011259079,1
B23,mixamorig_LeftUpLeg,0,-0.9837387800216675,-0.06418516486883163,0.1677435040473938,0,0.0842365175485611,-0.9897536635398865,0.11529047042131424,0,0.1586247682571411,0.1275458037853241,0.9790656566619873,0,8.650915145874023,-4.8871169090271,0.24506500363349915,1
B24,mixamorig_LeftLeg,23,0.5591424703598022,0.7501837611198425,0.35296520590782166,0,-0.583250105381012,0.6584958434104919,-0.4756077527999878,0,-0.5892191529273987,0.06006544828414917,0.8057374954223633,0,0,12.695605278015137,0,1
B25,mixamorig_LeftFoot,24,0.6334158778190613,-0.21291972696781158,-0.7439418435096741,0,0.7487918734550476,0.4111494719982147,0.5198723673820496,0,0.19518022239208221,-0.8863529562950134,0.4198611378669739,0,0,7.194169044494629,0,1
B26,mixamorig_LeftToeBase,25,0.9826169610023499,0.18562132120132446,0.002840173663571477,0,-0.1830340474843979,0.9661380052566528,0.18186675012111664,0,0.03101436048746109,-0.17922528088092804,0.983319103717804,0,0,11.890504837036133,0,1
B27,mixamorig_LeftToe_End,26,1,0,0,0,0,1,0,0,0,0,1,0,0,4.245769023895264,0,1
B28,mixamorig_RightUpLeg,0,-0.8786666989326477,0.236527681350708,-0.4147290587425232,0,-0.36376628279685974,-0.894271969795227,0.26067447662353516,0,-0.30922380089759827,0.379910409450531,0.8718077540397644,0,-8.650915145874023,-4.8871169090271,-0.03167000040411949,1
B29,mixamorig_RightLeg,28,0.49631428718566895,-0.8675675988197327,-0.03158950433135033,0,0.4994346499443054,0.31509917974472046,-0.8070175647735596,0,0.7100964784622192,0.3847576677799225,0.58968186378479,0,0,12.77074146270752,0,1
B30,mixamorig_RightFoot,29,0.5950296521186829,0.7237477898597717,0.3494691550731659,0,-0.7605722546577454,0.36654651165008545,0.5358864665031433,0,0.2597498893737793,-0.5846647620201111,0.7685683965682983,0,0,7.878663063049316,0,1
B31,mixamorig_RightToeBase,30,0.9999989867210388,0.0008762900251895189,-0.0011298226891085505,0,-0.0006793354987166822,0.9864860773086548,0.1638426035642624,0,0.0012581278569996357,-0.16384164988994598,0.9864856004714966,0,0,11.90468978881836,0,1
B32,mixamorig_RightToe_End,31,1,0,0,0,0,1,0,0,0,0,1,0,0,4.031345844268799,0,1
@28,0,1,2,3,4,5,7,8,9,10,11,12,13,15,16,17,18,19,20,21,23,24,25,26,28,29,30,31
K0,0.9999979734420776,0.00014105682203080505,-0.002060859464108944,0,0.0020610569044947624,-0.0014148249756544828,0.9999970197677612,0,0.0001381406473228708,-0.9999989867210388,-0.0014151125214993954,0,-0.05849200114607811,34.90013885498047,-6.013088226318359,1,0.9990559220314026,-0.008972208015620708,-0.04249439015984535,0,0.011138791218400002,0.9986349940299988,0.05102589726448059,0,0.04197860136628151,-0.05145110562443733,0.9977929592132568,0,0,8.79913330078125,1.6226550340652466,1,0.9999459981918335,-0.005575784482061863,-0.008737836964428425,0,0.005346216261386871,0.9996460676193237,-0.026080062612891197,0,0.008880162611603737,0.026031943038105965,0.9996220469474792,0,0,10.438746452331543,0,1,0.9999459981918335,-0.00556686008349061,-0.008830048143863678,0,0.005335139110684395,0.999646008014679,-0.026051752269268036,0,0.00897195003926754,0.026003243401646614,0.9996219277381897,0,0,11.9299955368042,0,1,0.9986469149589539,-0.04676205664873123,0.02275114692747593,0,0.05197194963693619,0.8823740482330322,-0.4676690399646759,0,0.0017941463738679886,0.46821901202201843,0.8836110234260559,0,0,13.421246528625488,-0.0000019999999949504854,1,0.987841010093689,0.14924487471580505,0.04353930428624153,0,-0.13228914141654968,0.9540489912033081,-0.2688668668270111,0,-0.08166569471359253,0.25983813405036926,0.9621930122375488,0,0,25.439292907714844,12.801201820373535,1,0.12964290380477905,0.024262890219688416,-0.9912639856338501,0,0.9446350932121277,-0.30692046880722046,0.11603210866451263,0,-0.3014240562915802,-0.9514259099960327,-0.06270964443683624,0,5.906147003173828,10.465089797973633,0.6422150135040283,1,0.942173957824707,-0.2036900818347931,0.2661190927028656,0,-0.059340089559555054,0.6801407933235168,0.7306751608848572,0,-0.3298298716545105,-0.7042149305343628,0.628724217414856,0,0,13.276083946228027,0,1,0.9979390501976013,0.06412097066640854,0.0026319853495806456,0,-0.06416001915931702,0.997750997543335,0.019386040046811104,0,-0.0013830147217959166,-0.019514961168169975,0.9998090863227844,0,0,21.064205169677734,0,1,0.999504029750824,-0.02730489708483219,-0.01567312888801098,0,0.028734104707837105,0.9946050047874451,0.09967806190252304,0,0.012866870500147343,-0.10007894784212112,0.9948959946632385,0,0,18.91700553894043,0,1,0.7892448902130127,0.4515630006790161,-0.4161533713340759,0,0.435295969247818,0.06660359352827072,0.8978198766708374,0,0.43313974142074585,-0.889750063419342,-0.14399707317352295,0,0,1.1143349409103394,0,1,0.6385321617126465,0.3122120797634125,0.7034207582473755,0,-0.3658631145954132,-0.6809757947921753,0.6343631744384766,0,0.6770682334899902,-0.6624168157577515,-0.32059797644615173,0,0,1.6725499629974365,0,1,0.8637122511863708,0.4110316038131714,0.2916409969329834,0,-0.2873483896255493,-0.07377844303846359,0.9549809098243713,0,0.41404402256011963,-0.9086310863494873,0.05438591167330742,0,0.3344370126724243,2.2891499996185303,-0.4589270055294037,1,-0.272288978099823,-0.016032295301556587,0.9620820879936218,0,-0.8786541819572449,-0.4034089148044586,-0.2553996741771698,0,0.3922067880630493,-0.9148791432380676,0.0957568809390068,0,-5.906147003173828,10.430466651916504,0.4544619917869568,1,0.6183931827545166,0.4368581473827362,-0.6532567739486694,0,0.24713017046451569,0.6809819340705872,0.6893401145935059,0,0.7460002303123474,-0.587722897529602,0.31315383315086365,0,0,13.276083946228027,0,1,0.9999989867210388,0,-0.0015150000108405948,0,0.0000010007573791881441,1,0,0,0.0015150000108405948,-0.0000010007574928749818,0.9999989867210388,0,0,21.18159294128418,0,1,-0.575789749622345,-0.37123093008995056,0.7284592390060425,0,-0.2182200849056244,0.9284330606460571,0.30065399408340454,0,-0.7879377603530884,0.014149040915071964,-0.615592360496521,0,0,18.986501693725586,0,1,0.08914792537689209,-0.9900010228157043,-0.10931479185819626,0,0.9783949851989746,0.06648699194192886,0.1957620531320572,0,-0.18653680384159088,-0.12440492957830429,0.974540114402771,0,0,1.640491008758545,0,1,-0.25068238377571106,-0.9524909853935242,-0.1729750782251358,0,0.9680131077766418,-0.24470269680023193,-0.05542248114943504,0,0.010461952537298203,-0.18133549392223358,0.9833658933639526,0,0,1.5764230489730835,0,1,-0.49657824635505676,-0.7910879254341125,-0.3571968078613281,0,0.8658440709114075,-0.48039278388023376,-0.13977287709712982,0,-0.06102217361330986,-0.3786851167678833,0.9235119819641113,0,0.5096039772033691,2.1182711124420166,0.4482240080833435,1,-0.9847440123558044,-0.0640680268406868,0.16178302466869354,0,0.08730196952819824,-0.9861739873886108,0.14085444808006287,0,0.15052194893360138,0.15282955765724182,0.9767220616340637,0,8.650915145874023,-4.8871169090271,0.24506500363349915,1,0.5498561263084412,0.7589519023895264,0.34878602623939514,0,-0.6004800796508789,0.649442732334137,-0.4665272533893585,0,-0.5805879235267639,0.047083742916584015,0.8128350377082825,0,0,12.695605278015137,0,1,0.6267448663711548,-0.21592342853546143,-0.7487109899520874,0,0.7554768323898315,0.4037821590900421,0.5159603357315063,0,0.19090811908245087,-0.8890088200569153,0.41619330644607544,0,0,7.194169044494629,0,1,0.9824399948120117,0.186554953455925,0.0030570286326110363,0,-0.18395303189754486,0.9657379984855652,0.18306319415569305,0,0.031199028715491295,-0.18041080236434937,0.9830960631370544,0,0,11.890504837036133,0,1,-0.8769111633300781,0.2787969410419464,-0.39153364300727844,0,-0.3967670798301697,-0.8796559572219849,0.2622612714767456,0,-0.2712973952293396,0.3853277266025543,0.8819980621337891,0,-8.650915145874023,-4.8871169090271,-0.03167000040411949,1,0.5473730564117432,-0.8361349701881409,-0.03551400080323219,0,0.45234405994415283,0.3312951922416687,-0.8280268907546997,0,0.704107940196991,0.43717509508132935,0.5595628023147583,0,0,12.77074146270752,0,1,0.6147766709327698,0.6949222683906555,0.37300390005111694,0,-0.7450966835021973,0.35665714740753174,0.5635842680931091,0,0.25861290097236633,-0.6244027614593506,0.7370491623878479,0,0,7.878663063049316,0,1,0.9999939799308777,0.0034259106032550335,-0.001006111386232078,0,-0.00319708907045424,0.9845760464668274,0.17493073642253876,0,0.0015898884739726782,-0.1749262660741806,0.9845799207687378,0,0,11.90468978881836,0,1
K0.033,0.9999970197677612,-0.0009481391170993447,-0.0023128394968807697,0,0.0023108951281756163,-0.002046105219051242,0.9999950528144836,0,-0.0009528662776574492,-0.999997079372406,-0.0020439072977751493,0,-0.1169123500585556,34.9633674621582,10.865578651428223,1,0.9990159869194031,-0.0038681146688759327,-0.04417682811617851,0,0.006093752570450306,0.9987130165100098,0.0503571555018425,0,0.043925195932388306,-0.05057681351900101,0.9977539777755737,0,0,8.79913330078125,1.6226550340652466,1,0.9999470114707947,-0.004660922102630138,-0.009231173433363438,0,0.004418054595589638,0.9996479749679565,-0.026157094165682793,0,0.00934983417391777,0.02611491084098816,0.9996150135993958,0,0,10.438746452331543,0,1,0.9999459981918335,-0.004648943431675434,-0.009320912882685661,0,0.004404033534228802,0.9996489882469177,-0.02612573653459549,0,0.009439093992114067,0.026083264499902725,0.9996150135993958,0,0,11.9299955368042,0,1,0.9980159997940063,-0.05827725678682327,0.02383301593363285,0,0.06263214349746704,0.8801979422569275,-0.4704551100730896,0,0.006439066957682371,0.47101473808288574,0.8821021318435669,0,0,13.421246528625488,-0.0000019999999949504854,1,0.9870170950889587,0.15511466562747955,0.041682735085487366,0,-0.13853752613067627,0.9534807801246643,-0.26773542165756226,0,-0.08127330243587494,0.2584845721721649,0.9625900983810425,0,0,25.439292907714844,12.801201820373535,1,0.1276770383119583,0.02260417491197586,-0.9915580153465271,0,0.9438170194625854,-0.3100118637084961,0.11446253955364227,0,-0.3048074543476105,-0.9504638314247131,-0.060915663838386536,0,5.906147003173828,10.465089797973633,0.6422150135040283,1,0.9433209896087646,-0.19143220782279968,0.2711067497730255,0,-0.07376748323440552,0.6755034327507019,0.7336574792861938,0,-0.3235793113708496,-0.712073564529419,0.6230952143669128,0,0,13.276083946228027,0,1,0.9976029396057129,0.06914401054382324,0.00273380265571177,0,-0.06918618828058243,0.9973850846290588,0.020905015990138054,0,-0.0012811972992494702,-0.021044045686721802,0.9997779726982117,0,0,21.064205169677734,0,1,0.9995239973068237,-0.018823953345417976,-0.024452321231365204,0,0.020958922803401947,0.9957020282745361,0.09021220356225967,0,0.022649062797427177,-0.09068170189857483,0.9956219792366028,0,0,18.91700553894043,0,1,0.7892452478408813,0.4515639841556549,-0.4161527156829834,0,0.4352959990501404,0.06660282611846924,0.8978210091590881,0,0.43314024806022644,-0.8897498250007629,-0.1439978927373886,0,0,1.1143349409103394,0,1,0.6385316848754883,0.3122120201587677,0.7034212350845337,0,-0.36586305499076843,-0.6809762716293335,0.6343626379966736,0,0.6770687103271484,-0.6624163389205933,-0.32059797644615173,0,0,1.6725499629974365,0,1,0.8637122511863708,0.4110316038131714,0.2916409969329834,0,-0.2873483896255493,-0.07377844303846359,0.9549809098243713,0,0.41404402256011963,-0.9086310863494873,0.05438591167330742,0,0.3344370126724243,2.2891499996185303,-0.4589270055294037,1,-0.2974015772342682,-0.005278370808809996,0.9547378420829773,0,-0.8784894347190857,-0.3901122808456421,-0.2758069336414337,0,0.3739106059074402,-0.9207521677017212,0.11138296872377396,0,-5.906147003173828,10.430466651916504,0.4544619917869568,1,0.6332995891571045,0.41637149453163147,-0.652353823184967,0,0.262771874666214,0.6771697402000427,0.6873072385787964,0,0.7279300093650818,-0.6066920757293701,0.3194408416748047,0,0,13.276083946228027,0,1,0.9999989867210388,0,-0.0015150000108405948,0,0,1,0,0,0.0015150000108405948,0,0.9999989867210388,0,0,21.18159294128418,0,1,-0.5795232057571411,-0.35317665338516235,0.7344520092010498,0,-0.20118090510368347,0.9353230595588684,0.29102686047554016,0,-0.7897339463233948,0.020899126306176186,-0.6130939722061157,0,0,18.986501693725586,0,1,0.08914792537689209,-0.9900010228157043,-0.10931479185819626,0,0.9783949851989746,0.06648699194192886,0.1957620531320572,0,-0.18653680384159088,-0.12440492957830429,0.974540114402771,0,0,1.640491008758545,0,1,-0.2506818175315857,-0.952491044998169,-0.17297501862049103,0,0.9680129289627075,-0.2447020709514618,-0.05542241409420967,0,0.01046200655400753,-0.1813354194164276,0.9833658933639526,0,0,1.5764230489730835,0,1,-0.49657824635505676,-0.7910879254341125,-0.3571968078613281,0,0.8658440709114075,-0.48039278388023376,-0.13977287709712982,0,-0.06102217361330986,-0.3786851167678833,0.9235119819641113,0,0.5096039772033691,2.1182711124420166,0.4482240080833435,1,-0.9846050143241882,-0.06380441039800644,0.16273091733455658,0,0.08597162365913391,-0.987375020980835,0.13303683698177338,0,0.15218813717365265,0.14497901499271393,0.9776599407196045,0,8.650915145874023,-4.8871169090271,0.24506500363349915,1,0.5530142784118652,0.7562768459320068,0.3495998680591583,0,-0.5964981317520142,0.6523337960243225,-0.46760013699531555,0,-0.5816912055015564,0.05005389824509621,0.8118679523468018,0,0,12.695605278015137,0,1,0.626609742641449,-0.21420490741729736,-0.7493172287940979,0,0.7555750012397766,0.40257224440574646,0.5167608261108398,0,0.19096171855926514,-0.8899731636047363,0.41410374641418457,0,0,7.194169044494629,0,1,0.9824100136756897,0.18671217560768127,0.003094007261097431,0,-0.18410779535770416,0.9656699895858765,0.18326497077941895,0,0.031230010092258453,-0.18061098456382751,0.9830590486526489,0,0,11.890504837036133,0,1,-0.8771098256111145,0.26944708824157715,-0.3975870609283447,0,-0.3893526494503021,-0.8835940361022949,0.2601271867752075,0,-0.2812150716781616,0.3829616904258728,0.8799191117286682,0,-8.650915145874023,-4.8871169090271,-0.03167000040411949,1,0.531886100769043,-0.8460878729820251,-0.03510196506977081,0,0.4663096070289612,0.32723888754844666,-0.8218696713447571,0,0.7068610787391663,0.42077288031578064,0.5685930252075195,0,0,12.77074146270752,0,1,0.6088924407958984,0.7030203938484192,0.3674398958683014,0,-0.7500067949295044,0.359358549118042,0.5552937388420105,0,0.2583402693271637,-0.6136967539787292,0.7460811138153076,0,0,7.878663063049316,0,1,0.9999940395355225,0.0033377991057932377,-0.0010104551911354065,0,-0.0031101892236620188,0.9846439957618713,0.17454810440540314,0,0.0015775443753227592,-0.1745438426733017,0.9846479892730713,0,0,11.90468978881836,0,1
K0.067,0.9999889731407166,-0.003851682646200061,-0.002679676515981555,0,0.002665288047865033,-0.0037356505636125803,0.9999890327453613,0,-0.0038616538513451815,-0.9999859929084778,-0.003725346876308322,0,-0.15069469809532166,35.03900909423828,27.738460540771484,1,0.9989749789237976,0.002479179762303829,-0.0451919287443161,0,-0.0002777058398351073,0.9988159537315369,0.04865522310137749,0,0.04525905102491379,-0.04859280586242676,0.9977929592132568,0,0,8.79913330078125,1.6226550340652466,1,0.9999470114707947,-0.003562193363904953,-0.00962816085666418,0,0.003306826576590538,0.9996459484100342,-0.026410112157464027,0,0.009718832559883595,0.026376882568001747,0.9996050596237183,0,0,10.438746452331543,0,1,0.9999459981918335,-0.0035471986047923565,-0.009717931970953941,0,0.0032898210920393467,0.9996469616889954,-0.02637418918311596,0,0.00980805978178978,0.026340804994106293,0.9996050000190735,0,0,11.9299955368042,0,1,0.9966319799423218,-0.07779204845428467,0.025933783501386642,0,0.08089860528707504,0.8810821771621704,-0.4659927785396576,0,0.013400736264884472,0.466521292924881,0.8844078779220581,0,0,13.421246528625488,-0.0000019999999949504854,1,0.9853180646896362,0.16550171375274658,0.041922666132450104,0,-0.14844609797000885,0.9517819881439209,-0.268468976020813,0,-0.08433330804109573,0.25830402970314026,0.9623759388923645,0,0,25.439292907714844,12.801201820373535,1,0.13585005700588226,0.0253361277282238,-0.9904050230979919,0,0.9408068656921387,-0.3166291117668152,0.1209469586610794,0,-0.310526967048645,-0.9482110738754272,-0.06685049086809158,0,5.906147003173828,10.465089797973633,0.6422150135040283,1,0.9420720934867859,-0.18230091035366058,0.281544953584671,0,-0.08994466811418533,0.6713502407073975,0.7356627583503723,0,-0.32312697172164917,-0.7183701395988464,0.6160628199577332,0,0,13.276083946228027,0,1,0.99692302942276,0.07833054661750793,0.002938975114375353,0,-0.07837828248739243,0.996641993522644,0.02368273213505745,0,-0.0010740248253569007,-0.023840218782424927,0.9997149705886841,0,0,21.064205169677734,0,1,0.9990230798721313,-0.01223500445485115,-0.04247574135661125,0,0.01584310084581375,0.996196985244751,0.08567594736814499,0,0.04126593470573425,-0.08626513928174973,0.9954169988632202,0,0,18.91700553894043,0,1,0.7892448902130127,0.4515630006790161,-0.4161533713340759,0,0.435295969247818,0.06660359352827072,0.8978198766708374,0,0.43313974142074585,-0.889750063419342,-0.14399707317352295,0,0,1.1143349409103394,0,1,0.6385317444801331,0.31221243739128113,0.7034209966659546,0,-0.36586248874664307,-0.6809759140014648,0.6343626379966736,0,0.6770688891410828,-0.6624161601066589,-0.32059794664382935,0,0,1.6725499629974365,0,1,0.8637122511863708,0.4110316038131714,0.2916409969329834,0,-0.2873483896255493,-0.07377844303846359,0.9549809098243713,0,0.41404402256011963,-0.9086310863494873,0.05438591167330742,0,0.3344370126724243,2.2891499996185303,-0.4589270055294037,1,-0.31706932187080383,0.002551825949922204,0.9483988881111145,0,-0.8826330304145813,-0.36669695377349854,-0.2940957844257355,0,0.34702447056770325,-0.9303368926048279,0.11852065473794937,0,-5.906147003173828,10.430466651916504,0.4544619917869568,1,0.6477220058441162,0.39570629596710205,-0.651054859161377,0,0.2823888659477234,0.6689823269844055,0.6875457763671875,0,0.7076102495193481,-0.6291890144348145,0.3215714693069458,0,0,13.276083946228027,0,1,0.9999989867210388,0,-0.0015140000032261014,0,0,1,0,0,0.0015140000032261014,0,0.9999989867210388,0,0,21.18159294128418,0,1,-0.5927155613899231,-0.3314710557460785,0.7340403199195862,0,-0.18136030435562134,0.9429068565368652,0.2793460488319397,0,-0.7847267985343933,0.0324469693005085,-0.6189912557601929,0,0,18.986501693725586,0,1,0.08914792537689209,-0.9900010228157043,-0.10931479185819626,0,0.9783949851989746,0.06648699194192886,0.1957620531320572,0,-0.18653680384159088,-0.12440492957830429,0.974540114402771,0,0,1.640491008758545,0,1,-0.25068214535713196,-0.952489972114563,-0.1729743331670761,0,0.9680130481719971,-0.24470265209674835,-0.055423106998205185,0,0.01046267431229353,-0.18133510649204254,0.9833659529685974,0,0,1.5764230489730835,0,1,-0.49657824635505676,-0.7910879254341125,-0.3571968078613281,0,0.8658440709114075,-0.48039278388023376,-0.13977287709712982,0,-0.06102217361330986,-0.3786851167678833,0.9235119819641113,0,0.5096039772033691,2.1182711124420166,0.4482240080833435,1,-0.9841139912605286,-0.06577277928590775,0.16490501165390015,0,0.08729519695043564,-0.9880720973014832,0.126862034201622,0,0.15459392964839935,0.13924209773540497,0.9781169891357422,0,8.650915145874023,-4.8871169090271,0.24506500363349915,1,0.5580528378486633,0.7525279521942139,0.34968340396881104,0,-0.5905132293701172,0.6562029123306274,-0.46977776288986206,0,-0.5829846262931824,0.05566819757223129,0.8105742931365967,0,0,12.695605278015137,0,1,0.6269350647926331,-0.21261261403560638,-0.7494980096817017,0,0.7546682357788086,0.40463492274284363,0.5164756774902344,0,0.19346383213996887,-0.8894191384315491,0.41413185000419617,0,0,7.194169044494629,0,1,0.9825499653816223,0.18597537279129028,0.0029222415760159492,0,-0.18338263034820557,0.9659870862960815,0.18232034146785736,0,0.031084243208169937,-0.17967471480369568,0.9832351207733154,0,0,11.890504837036133,0,1,-0.8798208832740784,0.2557823061943054,-0.4006139934062958,0,-0.3761689364910126,-0.8899230360984802,0.2579408884048462,0,-0.29053884744644165,0.3776402175426483,0.8791899681091309,0,-8.650915145874023,-4.8871169090271,-0.03167000040411949,1,0.5045512914657593,-0.8626717329025269,-0.03501629829406738,0,0.49105188250541687,0.3200879395008087,-0.8101919889450073,0,0.710137665271759,0.39158836007118225,0.5851170420646667,0,0,12.77074146270752,0,1,0.5973122119903564,0.7233906984329224,0.3462992310523987,0,-0.7554000616073608,0.36239689588546753,0.5459299087524414,0,0.2694229483604431,-0.5876852869987488,0.7629138231277466,0,0,7.878663063049316,0,1,0.9999960064888,0.0027576053980737925,-0.0010410718386992812,0,-0.002537405351176858,0.9850890040397644,0.17202620208263397,0,0.001499928766861558,-0.17202287912368774,0.985092043876648,0,0,11.90468978881836,0,1
K0.100,0.9999610185623169,-0.008357526734471321,-0.0028251323383301497,0,0.0027724807150661945,-0.006304803304374218,0.9999760389328003,0,-0.008375138975679874,-0.9999450445175171,-0.006281387526541948,0,-0.19693605601787567,35.088539123535156,44.59529495239258,1,0.9988980293273926,0.008534044958651066,-0.04615919291973114,0,-0.006495973560959101,0.9990050792694092,0.044124238193035126,0,0.04648980125784874,-0.04377574101090431,0.9979590773582458,0,0,8.79913330078125,1.6226550340652466,1,0.9999459981918335,-0.002548146527260542,-0.010026124306023121,0,0.00227385014295578,0.999625027179718,-0.027275120839476585,0,0.010091877542436123,0.027250882238149643,0.999578058719635,0,0,10.438746452331543,0,1,0.9999459981918335,-0.002532798331230879,-0.01012690644711256,0,0.0022561976220458746,0.9996269345283508,-0.02723217010498047,0,0.01019209437072277,0.027207832783460617,0.9995779395103455,0,0,11.9299955368042,0,1,0.9944079518318176,-0.10179106891155243,0.028132155537605286,0,0.10349898785352707,0.8863859176635742,-0.45122912526130676,0,0.020995164290070534,0.4516178071498871,0.8919650912284851,0,0,13.421246528625488,-0.0000019999999949504854,1,0.9837429523468018,0.1737891584634781,0.04525098577141762,0,-0.15512585639953613,0.9492970108985901,-0.2734430730342865,0,-0.09047802537679672,0.2619779706001282,0.9608229398727417,0,0,25.439292907714844,12.801201820373535,1,0.155746728181839,0.033458124846220016,-0.9872300028800964,0,0.9358819127082825,-0.3247378170490265,0.1366402953863144,0,-0.3160191476345062,-0.9452118277549744,-0.08188967406749725,0,5.906147003173828,10.465089797973633,0.6422150135040283,1,0.9393247961997986,-0.17783042788505554,0.2933351695537567,0,-0.10552547127008438,0.663861095905304,0.740372896194458,0,-0.32639482617378235,-0.7264053225517273,0.6048158407211304,0,0,13.276083946228027,0,1,0.9955100417137146,0.09459969401359558,0.0033665914088487625,0,-0.09465734660625458,0.9950989484786987,0.0286013875156641,0,-0.000644408690277487,-0.028791623190045357,0.999584972858429,0,0,21.064205169677734,0,1,0.9981549978256226,-0.016191625967621803,-0.05851230025291443,0,0.021140336990356445,0.996159017086029,0.08497188240289688,0,0.056911762803792953,-0.08605214208364487,0.9946640729904175,0,0,18.91700553894043,0,1,0.7892452478408813,0.4515637755393982,-0.4161529541015625,0,0.4352957308292389,0.06660293787717819,0.8978201150894165,0,0.4331400692462921,-0.8897498846054077,-0.14399772882461548,0,0,1.1143349409103394,0,1,0.6385319828987122,0.3122120201587677,0.7034209966659546,0,-0.36586305499076843,-0.680976152420044,0.6343629360198975,0,0.6770679950714111,-0.6624161005020142,-0.32059791684150696,0,0,1.6725499629974365,0,1,0.8637122511863708,0.4110316038131714,0.2916409969329834,0,-0.2873483896255493,-0.07377844303846359,0.9549809098243713,0,0.41404402256011963,-0.9086310863494873,0.05438591167330742,0,0.3344370126724243,2.2891499996185303,-0.4589270055294037,1,-0.3291406035423279,0.006931443233042955,0.9442551136016846,0,-0.8906241655349731,-0.3345600664615631,-0.3079904317855835,0,0.3137754499912262,-0.9423493146896362,0.11629065871238708,0,-5.906147003173828,10.430466651916504,0.4544619917869568,1,0.6589727997779846,0.37780463695526123,-0.6503982543945312,0,0.3039987087249756,0.6571531891822815,0.689734935760498,0,0.6879968047142029,-0.6522371768951416,0.3181942105293274,0,0,13.276083946228027,0,1,0.9999989867210388,0,-0.0015150000108405948,0,0.0000010007573791881441,1,0,0,0.0015150000108405948,-0.0000010007574928749818,0.9999989867210388,0,0,21.18159294128418,0,1,-0.6114048957824707,-0.3091990649700165,0.7284091711044312,0,-0.16133491694927216,0.9498740434646606,0.26778796315193176,0,-0.7746968269348145,0.04620903357863426,-0.630642294883728,0,0,18.986501693725586,0,1,0.08914792537689209,-0.9900010228157043,-0.10931479185819626,0,0.9783949851989746,0.06648699194192886,0.1957620531320572,0,-0.18653680384159088,-0.12440492957830429,0.974540114402771,0,0,1.640491008758545,0,1,-0.2506818175315857,-0.9524911642074585,-0.1729743629693985,0,0.9680129289627075,-0.24470201134681702,-0.05542290583252907,0,0.010462642647325993,-0.18133491277694702,0.9833660125732422,0,0,1.5764230489730835,0,1,-0.4965788424015045,-0.7910880446434021,-0.3571968078613281,0,0.8658438920974731,-0.4803931415081024,-0.13977298140525818,0,-0.06102216988801956,-0.37868502736091614,0.9235120415687561,0,0.5096039772033691,2.1182711124420166,0.4482240080833435,1,-0.98335200548172,-0.07040528208017349,0.16751906275749207,0,0.09267471730709076,-0.9872959852218628,0.12906599044799805,0,0.15630392730236053,0.1424420326948166,0.9773839116096497,0,8.650915145874023,-4.8871169090271,0.24506500363349915,1,0.5629460215568542,0.7500210404396057,0.3472188115119934,0,-0.5831458568572998,0.6581531763076782,-0.476209819316864,0,-0.5856901407241821,0.06560114771127701,0.8078758716583252,0,0,12.695605278015137,0,1,0.6302108764648438,-0.21212704479694366,-0.7468850612640381,0,0.751541018486023,0.408244252204895,0.5181918144226074,0,0.1949888914823532,-0.8878841996192932,0.4167017936706543,0,0,7.194169044494629,0,1,0.9826189279556274,0.18561309576034546,0.00283798947930336,0,-0.18302589654922485,0.9661419987678528,0.18185624480247498,0,0.031012989580631256,-0.179214745759964,0.9833210110664368,0,0,11.890504837036133,0,1,-0.8825379610061646,0.25760218501091003,-0.39340493083000183,0,-0.37511783838272095,-0.8901669383049011,0.2586311101913452,0,-0.2835719883441925,0.37582486867904663,0.8822370171546936,0,-8.650915145874023,-4.8871169090271,-0.03167000040411949,1,0.5045239329338074,-0.8628320693969727,-0.03125284984707832,0,0.49464982748031616,0.3185257911682129,-0.8086172938346863,0,0.7076561450958252,0.3925078213214874,0.587503969669342,0,0,12.77074146270752,0,1,0.5888096690177917,0.7401100993156433,0.3248702585697174,0,-0.752629816532135,0.35549020767211914,0.5542331337928772,0,0.294705331325531,-0.5708448886871338,0.7663449645042419,0,0,7.878663063049316,0,1,0.9999970197677612,0.0023460222873836756,-0.001062063965946436,0,-0.0021309773437678814,0.9854009747505188,0.17023587226867676,0,0.0014459360390901566,-0.1702331155538559,0.9854030013084412,0,0,11.90468978881836,0,1
K0.133,0.9999070167541504,-0.013340989127755165,-0.002994635608047247,0,0.0028730675112456083,-0.009122144430875778,0.9999540448188782,0,-0.013367684558033943,-0.9998690485954285,-0.009082961827516556,0,-0.24456734955310822,35.099403381347656,61.448429107666016,1,0.9987719655036926,0.014950086362659931,-0.047235988080501556,0,-0.013220082968473434,0.9992380142211914,0.03672720491886139,0,0.04774903878569603,-0.036057621240615845,0.9982079863548279,0,0,8.79913330078125,1.6226550340652466,1,0.9999439716339111,-0.0014201987069100142,-0.01048223115503788,0,0.0011177712585777044,0.9995850324630737,-0.028801193460822105,0,0.010518779046833515,0.028787845745682716,0.999530017375946,0,0,10.438746452331543,0,1,0.9999430775642395,-0.0014071338810026646,-0.010599974542856216,0,0.0011018363293260336,0.9995859265327454,-0.028752682730555534,0,0.010636038146913052,0.02873934805393219,0.999530017375946,0,0,11.9299955368042,0,1,0.9921420216560364,-0.12155631184577942,0.02964708022773266,0,0.12241003662347794,0.8939710259437561,-0.4310818612575531,0,0.025897102430462837,0.4313236474990845,0.9018261432647705,0,0,13.421246528625488,-0.0000019999999949504854,1,0.983022928237915,0.1762883961200714,0.05087130889296532,0,-0.15469367802143097,0.9453920125961304,-0.2868850529193878,0,-0.09866785258054733,0.2741451561450958,0.9566129446029663,0,0,25.439292907714844,12.801201820373535,1,0.17870454490184784,0.0444452203810215,-0.9828989505767822,0,0.9325370788574219,-0.32621005177497864,0.15479736030101776,0,-0.313751220703125,-0.9442519545555115,-0.09974200278520584,0,5.906147003173828,10.465089797973633,0.6422150135040283,1,0.9374579191207886,-0.180683895945549,0.2975321114063263,0,-0.11661069095134735,0.6423438191413879,0.7574941515922546,0,-0.3279849588871002,-0.7448143362998962,0.5811006426811218,0,0,13.276083946228027,0,1,0.9935899972915649,0.11297615617513657,0.003946767188608646,0,-0.1130450963973999,0.9930030703544617,0.034156933426856995,0,-0.000060232883697608486,-0.034384142607450485,0.999409019947052,0,0,21.064205169677734,0,1,0.9968140125274658,-0.0014408065471798182,-0.0797542929649353,0,0.008603749796748161,0.9959459900856018,0.08954217284917831,0,0.07930193096399307,-0.0899430513381958,0.9927849173545837,0,0,18.91700553894043,0,1,0.7892453074455261,0.45156359672546387,-0.4161530137062073,0,0.43529555201530457,0.06660325825214386,0.8978201746940613,0,0.4331400394439697,-0.8897499442100525,-0.14399731159210205,0,0,1.1143349409103394,0,1,0.6385319828987122,0.3122120201587677,0.7034209966659546,0,-0.36586305499076843,-0.680976152420044,0.6343629360198975,0,0.6770679950714111,-0.6624161005020142,-0.32059791684150696,0,0,1.6725499629974365,0,1,0.8637118339538574,0.41103196144104004,0.2916404604911804,0,-0.2873480021953583,-0.07377814501523972,0.9549809098243713,0,0.41404443979263306,-0.9086307883262634,0.05438618361949921,0,0.3344370126724243,2.2891499996185303,-0.4589270055294037,1,-0.3318016827106476,0.006818616762757301,0.9433242082595825,0,-0.9013293385505676,-0.297415554523468,-0.3148806691169739,0,0.2784123718738556,-0.9547243118286133,0.10482879728078842,0,-5.906147003173828,10.430466651916504,0.4544619917869568,1,0.6654459834098816,0.36670008301734924,-0.650164008140564,0,0.32300928235054016,0.6437761783599854,0.6936987638473511,0,0.6729388236999512,-0.671627402305603,0.3099503815174103,0,0,13.276083946228027,0,1,0.9999989867210388,0,-0.0015140000032261014,0,0.0000010007569244407932,1,0,0,0.0015140000032261014,-0.000001000757038127631,0.9999989867210388,0,0,21.18159294128418,0,1,-0.6302245259284973,-0.29086190462112427,0.7198727130889893,0,-0.144466832280159,0.9549159407615662,0.2593543529510498,0,-0.7628540396690369,0.05945371836423874,-0.6438311338424683,0,0,18.986501693725586,0,1,0.08914792537689209,-0.9900010228157043,-0.10931479185819626,0,0.9783949851989746,0.06648699194192886,0.1957620531320572,0,-0.18653680384159088,-0.12440492957830429,0.974540114402771,0,0,1.640491008758545,0,1,-0.2506818175315857,-0.952491044998169,-0.17297501862049103,0,0.9680129289627075,-0.2447020709514618,-0.05542241409420967,0,0.01046200655400753,-0.1813354194164276,0.9833658933639526,0,0,1.5764230489730835,0,1,-0.49657824635505676,-0.7910879254341125,-0.3571968078613281,0,0.8658440709114075,-0.48039278388023376,-0.13977287709712982,0,-0.06102217361330986,-0.3786851167678833,0.9235119819641113,0,0.5096039772033691,2.1182711124420166,0.4482240080833435,1,-0.9835190773010254,-0.07076706737279892,0.1663810759782791,0,0.09305788576602936,-0.9871061444282532,0.1302407681941986,0,0.1550188660621643,0.1435771882534027,0.9774219989776611,0,8.650915145874023,-4.8871169090271,0.24506500363349915,1,0.5559149980545044,0.7536998391151428,0.350564181804657,0,-0.5897482633590698,0.654827892780304,-0.4726487994194031,0,-0.5857947468757629,0.05600796267390251,0.8085221648216248,0,0,12.695605278015137,0,1,0.6315788626670837,-0.2210724651813507,-0.7431249618530273,0,0.7530038356781006,0.4031749963760376,0.5200341939926147,0,0.1846441775560379,-0.8880188465118408,0.42110538482666016,0,0,7.194169044494629,0,1,0.9828460216522217,0.18440906703472137,0.0025602432433515787,0,-0.1818408966064453,0.9666550755500793,0.18031175434589386,0,0.030776243656873703,-0.17768420279026031,0.9836059212684631,0,0,11.890504837036133,0,1,-0.8816011548042297,0.2753090262413025,-0.38338592648506165,0,-0.3898731470108032,-0.8825950622558594,0.2627280056476593,0,-0.2660429775714874,0.38109302520751953,0.8854319453239441,0,-8.650915145874023,-4.8871169090271,-0.03167000040411949,1,0.5364763736724854,-0.843559741973877,-0.024493208155035973,0,0.46816518902778625,0.3216347396373749,-0.8230260610580444,0,0.7021498084068298,0.4300674498081207,0.5674750208854675,0,0,12.77074146270752,0,1,0.5913159251213074,0.7419731616973877,0.3159460127353668,0,-0.7401728630065918,0.34381210803985596,0.5778730511665344,0,0.32014012336730957,-0.5755600929260254,0.7524898052215576,0,0,7.878663063049316,0,1,0.9999970197677612,0.002293662168085575,-0.0010642787674441934,0,-0.00207934039644897,0.9854410290718079,0.17000694572925568,0,0.0014387211995199323,-0.17000406980514526,0.9854419231414795,0,0,11.90468978881836,0,1
