1.167,30,35,33
B0,mixamorig_Hips,-1,-0.07531730085611343,0.1343189775943756,0.9880715608596802,0,-0.4494211673736572,0.8799663186073303,-0.15388095378875732,0,-0.8901389837265015,-0.45565032958984375,-0.005910881329327822,0,0.1736288070678711,0.7473989129066467,0.1911652684211731,1
B1,mixamorig_Spine,0,0.9964567422866821,0.06532184034585953,-0.052973825484514236,0,-0.06259399652481079,0.9967036843299866,0.05161624029278755,0,0.05617089942097664,-0.04811752587556839,0.9972612261772156,0,0,0.1341259926557541,-0.0034050000831484795,1
B2,mixamorig_Spine1,1,0.9981997013092041,0.04026371240615845,-0.04444500803947449,0,-0.03580959513783455,0.9946569800376892,0.09682658314704895,0,0.048106156289577484,-0.09506074339151382,0.9943085312843323,0,0,0.15653100609779358,0,1
B3,mixamorig_Spine2,2,0.9982128739356995,0.04035423323512077,-0.04406915605068207,0,-0.03595137223601341,0.9946840405464172,0.09649807959794998,0,0.04772897809743881,-0.09474125504493713,0.9943569302558899,0,0,0.17889299988746643,0,1
B4,mixamorig_Neck,3,0.9977067112922668,-0.06006496027112007,-0.031199386343359947,0,0.06066105142235756,0.997986376285553,0.018523745238780975,0,0.03002394177019596,-0.020373856648802757,0.9993414878845215,0,0,0.2012539952993393,0,1
B5,mixamorig_Head,4,0.7251457571983337,-0.09511832147836685,-0.681994616985321,0,0.2524544894695282,0.9581745862960815,0.13479042053222656,0,0.6406485438346863,-0.2699151337146759,0.7188289165496826,0,0,0.0920649990439415,0.0029670000076293945,1
B6,mixamorig_HeadTop_End,5,1,0,0,0,0,1,0,0,0,0,1,0,0,0.2851350009441376,0.009189999662339687,1
B7,mixamorig_LeftShoulder,3,0.29367998242378235,0.13445818424224854,-0.9464000463485718,0,0.9557663798332214,-0.058085571974515915,0.28833404183387756,0,-0.01620333269238472,-0.989215612411499,-0.14556920528411865,0,0.05645899847149849,0.18508100509643555,-0.0005530000198632479,1
B8,mixamorig_LeftArm,7,0.645546555519104,0.2554396390914917,0.7197362780570984,0,-0.6683264374732971,0.6450282335281372,0.3705107569694519,0,-0.36960700154304504,-0.7202004790306091,0.5871126651763916,0,0,0.11397500336170197,0,1
B9,mixamorig_LeftForeArm,8,-0.348877876996994,0.9358118772506714,-0.050395093858242035,0,-0.9362615942955017,-0.35040026903152466,-0.025157414376735687,0,-0.04120109602808952,0.03840615600347519,0.9984124302864075,0,0,0.32672300934791565,0,1
B10,mixamorig_LeftHand,9,0.9535937905311584,0.09059886634349823,-0.2871423065662384,0,-0.251493901014328,0.7640355229377747,-0.5941384434700012,0,0.1655586063861847,0.6387811303138733,0.7513644099235535,0,0,0.2040569931268692,0,1
B11,mixamorig_LeftHandIndex1,10,0.7047181129455566,0.46233537793159485,-0.5381613969802856,0,-0.01119492668658495,0.7656734585762024,0.643131673336029,0,0.7093988656997681,-0.447202205657959,0.5447601079940796,0,0,0.09350799769163132,0,1
B12,mixamorig_LeftHandIndex2,11,0.6455942988395691,0.6717464327812195,0.3632694184780121,0,-0.4208970367908478,-0.08393390476703644,0.9032168388366699,0,0.6372235417366028,-0.7360108494758606,0.22854892909526825,0,0,0.03336799889802933,0,1
B13,mixamorig_LeftHandIndex3,12,0.9918019771575928,0.09719225764274597,-0.0829574316740036,0,-0.04289618879556656,0.8647779226303101,0.5003191828727722,0,0.12036694586277008,-0.49265915155410767,0.8618578910827637,0,-0.0007980000227689743,0.03864999860525131,-0.01931699924170971,1
B14,mixamorig_LeftHandIndex4,13,1,0,0,0,0,1,0,0,0,0,1,0,-0.004075000062584877,0.018873000517487526,-0.016798999160528183,1
B15,mixamorig_RightShoulder,3,0.21390986442565918,-0.08989566564559937,0.972707986831665,0,-0.964704155921936,0.1371190845966339,0.22482196986675262,0,-0.15358728170394897,-0.9864667057991028,-0.05739156901836395,0,-0.05645899847149849,0.18507300317287445,-0.0002680000034160912,1
B16,mixamorig_RightArm,15,0.7304880619049072,-0.44895800948143005,-0.5146104693412781,0,0.6822229623794556,0.5139009952545166,0.5200744867324829,0,0.03096727468073368,-0.7309873104095459,0.6816879510879517,0,0,0.11397500336170197,0,1
B17,mixamorig_RightForeArm,16,-0.15368196368217468,-0.9866024851799011,0.05475619062781334,0,0.9873048067092896,-0.15557017922401428,-0.03205080330371857,0,0.040139805525541306,0.049135394394397736,0.9979850649833679,0,0,0.3267349898815155,0,1
B18,mixamorig_RightHand,17,0.6674827337265015,0.40310990810394287,0.6260746121406555,0,-0.053540609776973724,0.8645968437194824,-0.4996051788330078,0,-0.7426983118057251,0.2999575734138489,0.5986865758895874,0,0,0.20520199835300446,0,1
B19,mixamorig_RightHandIndex1,18,0.9985080361366272,0.005465375259518623,-0.05433550104498863,0,0.030178183689713478,0.7740283012390137,0.6324320435523987,0,0.04551367834210396,-0.6331280469894409,0.7727082967758179,0,0,0.08449699729681015,0,1
B20,mixamorig_RightHandIndex2,19,0.9295430779457092,0.11416071653366089,0.3505946695804596,0,-0.36576810479164124,0.16556574404239655,0.9158614873886108,0,0.046508949249982834,-0.9795694351196289,0.1956569105386734,0,0,0.0311489999294281,0,1
B21,mixamorig_RightHandIndex3,20,0.873333215713501,0.2914276719093323,0.39033105969429016,0,-0.47325748205184937,0.6974332928657532,0.5381587743759155,0,-0.11539553105831146,-0.6547189950942993,0.7470118999481201,0,0.01579499989748001,0.04596000164747238,-0.002400000113993883,1
B22,mixamorig_RightHandIndex4,21,1,0,0,0,0,1,0,0,0,0,1,0,0.018478000536561012,0.01923299953341484,-0.01129900012165308,1
B23,mixamorig_LeftUpLeg,0,-0.9945076107978821,-0.07535465806722641,0.0726311057806015,0,0.10460119694471359,-0.7388188242912292,0.6657373905181885,0,0.0034948119428008795,0.6696783304214478,0.7426431775093079,0,0.08352500200271606,-0.07456299662590027,-0.00027099999715574086,1
B24,mixamorig_LeftLeg,23,0.9947386384010315,-0.061462435871362686,-0.0819597989320755,0,0.012915357947349548,0.8688899874687195,-0.49483630061149597,0,0.10162796825170517,0.4911746084690094,0.865112841129303,0,0,0.3741450011730194,0,1
B25,mixamorig_LeftFoot,24,0.9554052948951721,0.05327242985367775,-0.29045265913009644,0,0.2772161066532135,0.17709237337112427,0.9443463087081909,0,0.10174448043107986,-0.9827508926391602,0.15442690253257751,0,0,0.283378005027771,0,1
B26,mixamorig_LeftToeBase,25,0.9693448543548584,0.008882229216396809,-0.24554507434368134,0,0.10580163449048996,0.8868618011474609,0.4497568905353546,0,0.22175946831703186,-0.4619487524032593,0.8587354421615601,0,0,0.13549700379371643,0,1
B27,mixamorig_LeftToe_End,26,1,0,0,0,0,1,0,0,0,0,1,0,0,0.06424599885940552,0,1
B28,mixamorig_RightUpLeg,0,-0.9922657012939453,-0.023162562400102615,-0.12195087969303131,0,-0.06309528648853302,-0.7519434690475464,0.6562004685401917,0,-0.10689955204725266,0.658820390701294,0.7446669340133667,0,-0.08352500200271606,-0.07456299662590027,0.002302000066265464,1
B29,mixamorig_RightLeg,28,0.9837580323219299,-0.13285432755947113,-0.12070553004741669,0,-0.008493687026202679,0.6372488141059875,-0.7706109881401062,0,0.17929844558238983,0.7591199278831482,0.6257702708244324,0,0,0.37443000078201294,0,1
B30,mixamorig_RightFoot,29,0.9899137616157532,-0.1322607696056366,-0.05076923966407776,0,0.04006460681557655,-0.08237709105014801,0.9957951903343201,0,-0.13588690757751465,-0.9877855777740479,-0.07624725252389908,0,0,0.28327998518943787,0,1
B31,mixamorig_RightToeBase,30,0.9668197631835938,-0.06198214739561081,0.24782562255859375,0,-0.0945613756775856,0.8143755793571472,0.5725821852684021,0,-0.23731309175491333,-0.5770187377929688,0.7814935445785522,0,0,0.1334020048379898,0,1
B32,mixamorig_RightToe_End,31,1,0,0,0,0,1,0,0,0,0,1,0,0,0.06449200212955475,0,1
@28,0,1,2,3,4,5,7,8,9,10,11,12,13,15,16,17,18,19,20,21,23,24,25,26,28,29,30,31
K0,0.8167689442634583,-0.05246280878782272,0.5745741724967957,0,-0.03122781030833721,0.9903780817985535,0.13481971621513367,0,-0.5761188864707947,-0.1280592978000641,0.8072720170021057,0,-0.0010219999821856618,0.7248629927635193,0.0047519998624920845,1,0.9943440556526184,0.08440057188272476,-0.06447421759366989,0,-0.08112943172454834,0.9953579902648926,0.051775820553302765,0,0.06854479014873505,-0.046252187341451645,0.9965749979019165,0,0,0.1341259926557541,-0.0034050000831484795,1,0.9994999766349792,0.01678505539894104,-0.02678718790411949,0,-0.01571994461119175,0.9990959763526917,0.03948890417814255,0,0.027425814419984818,-0.03904809430241585,0.9988610148429871,0,0,0.15653100609779358,0,1,0.9994760751724243,0.015946904197335243,-0.028182199224829674,0,-0.01484509464353323,0.9991340041160583,0.03888189047574997,0,0.028777804225683212,-0.03844310715794563,0.9988459944725037,0,0,0.17889299988746643,0,1,0.9978529810905457,-0.012510791420936584,-0.06428206712007523,0,0.01195420790463686,0.9998879432678223,-0.009035919792950153,0,0.06438792496919632,0.008248080499470234,0.9978909492492676,0,0,0.2012539952993393,0,1,0.939378023147583,-0.09943680465221405,-0.32814908027648926,0,0.12162017822265625,0.9914279580116272,0.04773101210594177,0,0.32058990001678467,-0.08474700152873993,0.9434190392494202,0,0,0.0920649990439415,0.0029670000076293945,1,0.20115825533866882,0.14445465803146362,-0.9688490033149719,0,0.9793919324874878,-0.011414912529289722,0.20164525508880615,0,0.01806926354765892,-0.9894459247589111,-0.14377397298812866,0,0.05645899847149849,0.18508100509643555,-0.0005530000198632479,1,0.682845950126648,0.0002465065917931497,0.7305620312690735,0,-0.5339944958686829,0.6826139092445374,0.49888676404953003,0,-0.49856895208358765,-0.7307791113853455,0.4662518799304962,0,0,0.11397500336170197,0,1,-0.2751959264278412,0.9601679444313049,-0.04841575026512146,0,-0.9606299996376038,-0.27662989497184753,-0.02581162005662918,0,-0.038176752626895905,0.03940638527274132,0.9984940886497498,0,0,0.32672300934791565,0,1,0.966964066028595,-0.026896139606833458,-0.25348979234695435,0,0.005366860423237085,0.9963459372520447,-0.08524327725172043,0,0.2548561990261078,0.08106672763824463,0.963575005531311,0,0,0.2040569931268692,0,1,0.7046629190444946,0.46196725964546204,-0.5385507941246033,0,-0.011423726566135883,0.7662991881370544,0.6423818469047546,0,0.7094501256942749,-0.4465101957321167,0.5452597141265869,0,0,0.09350799769163132,0,1,0.6461560130119324,0.6715211272239685,0.3626866936683655,0,-0.4209669828414917,-0.08279795944690704,0.9032890796661377,0,0.6366077661514282,-0.7363453507423401,0.22918793559074402,0,0,0.03336799889802933,0,1,0.991828978061676,0.09698103368282318,-0.08287891000509262,0,-0.04277895390987396,0.8648990392684937,0.5001198649406433,0,0.12018407136201859,-0.4924880564212799,0.8619808554649353,0,-0.0007980000227689743,0.03864999860525131,-0.01931699924170971,1,0.2482808530330658,-0.07879205048084259,0.9654780626296997,0,-0.9650290608406067,0.06643271446228027,0.25358694791793823,0,-0.08411996811628342,-0.9946750402450562,-0.05954265221953392,0,-0.05645899847149849,0.18507300317287445,-0.0002680000034160912,1,0.5848590135574341,-0.47311991453170776,-0.6588611006736755,0,0.8060270547866821,0.24797463417053223,0.5374281406402588,0,-0.09088706225156784,-0.8453788757324219,0.526377260684967,0,0,0.11397500336170197,0,1,-0.36704787611961365,-0.9281550645828247,0.06168309599161148,0,0.928816020488739,-0.36931312084198,-0.030152034014463425,0,0.05076609551906586,0.046224966645240784,0.9976400136947632,0,0,0.3267349898815155,0,1,0.9820579290390015,-0.1845952421426773,0.038550831377506256,0,0.18464377522468567,0.9828029870986938,0.0023309970274567604,0,-0.03831816837191582,0.0048289974220097065,0.999254047870636,0,0,0.20520199835300446,0,1,0.998507022857666,0.004874528385698795,-0.05440997704863548,0,0.030530527234077454,0.7761438488960266,0.6298161149024963,0,0.04530002176761627,-0.6305367946624756,0.7748360633850098,0,0,0.08449699729681015,0,1,0.9295610785484314,0.11516392230987549,0.35021883249282837,0,-0.3657420575618744,0.16862408816814423,0.9153139591217041,0,0.04635581374168396,-0.9789301156997681,0.19886669516563416,0,0,0.0311489999294281,0,1,0.873444139957428,0.2916772663593292,0.3898965120315552,0,-0.473091721534729,0.6978513598442078,0.5377628207206726,0,-0.11523653566837311,-0.6541621685028076,0.7475237846374512,0,0.01579499989748001,0.04596000164747238,-0.002400000113993883,1,-0.9251671433448792,-0.20455290377140045,0.3197247385978699,0,0.3631241023540497,-0.7221990823745728,0.5887017846107483,0,0.11048422753810883,0.6607471704483032,0.7424327731132507,0,0.08352500200271606,-0.07456299662590027,-0.00027099999715574086,1,0.9949010014533997,-0.08993982523679733,-0.04563227668404579,0,0.038924168795347214,0.7598300576210022,-0.6489548683166504,0,0.09303971379995346,0.6438699960708618,0.7594569325447083,0,0,0.3741450011730194,0,1,0.9652709364891052,-0.08111204952001572,-0.24834030866622925,0,0.261248916387558,0.2959381341934204,0.9187869429588318,0,-0.0010313260136172175,-0.95175701379776,0.3068509101867676,0,0,0.283378005027771,0,1,0.9705900549888611,0.00000195666484614776,-0.24073682725429535,0,0.10652395337820053,0.8967690467834473,0.42948490381240845,0,0.2158861756324768,-0.44249802827835083,0.8703948855400085,0,0,0.13549700379371643,0,1,-0.9279290437698364,0.2471790760755539,-0.27901485562324524,0,-0.2906259298324585,-0.9484650492668152,0.12629979848861694,0,-0.23341718316078186,0.198286235332489,0.9519450068473816,0,-0.08352500200271606,-0.07456299662590027,0.002302000066265464,1,0.9899169206619263,-0.1232890859246254,-0.06974605470895767,0,0.047427911311388016,0.7524489164352417,-0.6569409966468811,0,0.1334739625453949,0.647009015083313,0.750709056854248,0,0,0.37443000078201294,0,1,0.919555127620697,0.2725195586681366,0.28310999274253845,0,-0.29815444350242615,0.014557854272425175,0.9544069170951843,0,0.2559729814529419,-0.9620400667190552,0.09463963657617569,0,0,0.28327998518943787,0,1,0.9594550728797913,-0.10427574068307877,0.2618650197982788,0,-0.0963517427444458,0.751747190952301,0.6523749232292175,0,-0.26488298177719116,-0.6511550545692444,0.7112199664115906,0,0,0.1334020048379898,0,1
K0.033,0.8040862083435059,-0.04917983338236809,0.5924748182296753,0,-0.037896186113357544,0.99030601978302,0.13363417983055115,0,-0.5933034420013428,-0.12990592420101166,0.7944276332855225,0,0.0014000472147017717,0.7281590700149536,0.0001339470618404448,1,0.994903028011322,0.0800183117389679,-0.06136014685034752,0,-0.07700155675411224,0.99577397108078,0.05004993453621864,0,0.06510574370622635,-0.04507000744342804,0.9968600273132324,0,0,0.1341259926557541,-0.0034050000831484795,1,0.9995599985122681,0.015746034681797028,-0.025129828602075577,0,-0.014707963913679123,0.9990519881248474,0.040971849113702774,0,0.025751149281859398,-0.04058421030640602,0.9988439679145813,0,0,0.15653100609779358,0,1,0.9995359778404236,0.014943961054086685,-0.026559822261333466,0,-0.013864039443433285,0.9990879893302917,0.04038902744650841,0,0.027139153331518173,-0.04000203683972359,0.9988309741020203,0,0,0.17889299988746643,0,1,0.9976039528846741,-0.013779385015368462,-0.06779442727565765,0,0.013464737683534622,0.9998959898948669,-0.005095948930829763,0,0.06785762310028076,0.004170906264334917,0.9976860284805298,0,0,0.2012539952993393,0,1,0.9370338320732117,-0.11233449727296829,-0.3306792974472046,0,0.1297527402639389,0.9910620450973511,0.03100363165140152,0,0.32424086332321167,-0.07195798307657242,0.9432341456413269,0,0,0.0920649990439415,0.0029670000076293945,1,0.20289678871631622,0.14418955147266388,-0.9685259461402893,0,0.9790910482406616,-0.01514395885169506,0.20285551249980927,0,0.014582321047782898,-0.9894339442253113,-0.1442473828792572,0,0.05645899847149849,0.18508100509643555,-0.0005530000198632479,1,0.6808391809463501,0.02706235833466053,0.7319328188896179,0,-0.5437345504760742,0.6882109642028809,0.48033255338668823,0,-0.4907248616218567,-0.7250058054924011,0.4832753539085388,0,0,0.11397500336170197,0,1,-0.28101226687431335,0.9584739208221436,-0.04857245832681656,0,-0.9589349627494812,-0.2824532091617584,-0.025767015293240547,0,-0.03841646388173103,0.03933698311448097,0.9984869956970215,0,0,0.32672300934791565,0,1,0.9717370271682739,-0.03070002794265747,-0.23406095802783966,0,0.010331844910979271,0.9960889220237732,-0.08775544166564941,0,0.23583941161632538,0.08285685628652573,0.9682528376579285,0,0,0.2040569931268692,0,1,0.7039874196052551,0.4564228951931,-0.5441325902938843,0,-0.013397288508713245,0.7745524048805237,0.6323676705360413,0,0.7100861668586731,-0.43788886070251465,0.5513898134231567,0,0,0.09350799769163132,0,1,0.6532800793647766,0.6685747504234314,0.3552934229373932,0,-0.4217711091041565,-0.06834575533866882,0.9041228890419006,0,0.6287564039230347,-0.7404977679252625,0.23733656108379364,0,0,0.03336799889802933,0,1,0.9921678900718689,0.0943310558795929,-0.08188243955373764,0,-0.04130706563591957,0.8664129376411438,0.49761712551116943,0,0.11788466572761536,-0.490337073802948,0.8635230660438538,0,-0.0007980000227689743,0.03864999860525131,-0.01931699924170971,1,0.24809721112251282,-0.07934515923261642,0.9654799699783325,0,-0.9646850824356079,0.07080443203449249,0.2537118196487427,0,-0.08849113434553146,-0.9943299293518066,-0.058976754546165466,0,-0.05645899847149849,0.18507300317287445,-0.0002680000034160912,1,0.5920112133026123,-0.4946424067020416,-0.6362783908843994,0,0.7975526452064514,0.24604196846485138,0.5507924556732178,0,-0.11589424312114716,-0.8335416316986084,0.540163516998291,0,0,0.11397500336170197,0,1,-0.34625640511512756,-0.9361541867256165,0.061008911579847336,0,0.9368209838867188,-0.34848499298095703,-0.030411893501877785,0,0.04973090812563896,0.04662410914897919,0.9976739287376404,0,0,0.3267349898815155,0,1,0.9686248302459717,-0.2414597123861313,0.05884760618209839,0,0.24234682321548462,0.9701537489891052,-0.008328511379659176,0,-0.05508022382855415,0.022328734397888184,0.9982320070266724,0,0,0.20520199835300446,0,1,0.9979760050773621,-0.024077702313661575,-0.058850985020399094,0,0.05084306374192238,0.8579840660095215,0.5111532807350159,0,0.038185831159353256,-0.5131111145019531,0.8574721217155457,0,0,0.08449699729681015,0,1,0.9304969906806946,0.15773625671863556,0.33059874176979065,0,-0.36413437128067017,0.3003157675266266,0.8815983533859253,0,0.03977600485086441,-0.940707266330719,0.3368802070617676,0,0,0.0311489999294281,0,1,0.8780362010002136,0.30194610357284546,0.3713245987892151,0,-0.4661659002304077,0.7152374386787415,0.5206963419914246,0,-0.10836298763751984,-0.6302888989448547,0.7687610983848572,0,0.01579499989748001,0.04596000164747238,-0.002400000113993883,1,-0.9255809783935547,-0.20477177202701569,0.31838297843933105,0,0.3606588542461395,-0.732524037361145,0.5773509740829468,0,0.1149979904294014,0.6492128372192383,0.7518631219863892,0,0.08352500200271606,-0.07456299662590027,-0.00027099999715574086,1,0.9955480098724365,-0.08332179486751556,-0.044061046093702316,0,0.03820115327835083,0.7840453386306763,-0.6195265650749207,0,0.08616597205400467,0.6150856614112854,0.783738374710083,0,0,0.3741450011730194,0,1,0.9694910645484924,-0.09605098515748978,-0.22552557289600372,0,0.24455784261226654,0.316315621137619,0.9165889024734497,0,-0.016702013090252876,-0.9437788724899292,0.33015522360801697,0,0,0.283378005027771,0,1,0.970689058303833,-0.0007062553777359426,-0.24033674597740173,0,0.10658670961856842,0.8975418210029602,0.42785242199897766,0,0.2154102921485901,-0.44092875719070435,0.8713100552558899,0,0,0.13549700379371643,0,1,-0.9257990121841431,0.24937516450881958,-0.28409409523010254,0,-0.299320250749588,-0.9426028728485107,0.1480095237493515,0,-0.23087801039218903,0.22206220030784607,0.9473039507865906,0,-0.08352500200271606,-0.07456299662590027,0.002302000066265464,1,0.9930760860443115,-0.10774467140436172,-0.046810489147901535,0,0.05048215016722679,0.7512170076370239,-0.6581219434738159,0,0.10607398301362991,0.6512022018432617,0.7514549493789673,0,0,0.37443000078201294,0,1,0.9216791391372681,0.270408034324646,0.2781858444213867,0,-0.29851803183555603,0.03634738549590111,0.9537120461463928,0,0.24777981638908386,-0.9620590806007385,0.11422219127416611,0,0,0.28327998518943787,0,1,0.9584411382675171,-0.10979600995779037,0.26331767439842224,0,-0.09679193794727325,0.7430877685546875,0.6621562838554382,0,-0.2683703601360321,-0.6601250767707825,0.7015787959098816,0,0,0.1334020048379898,0,1
K0.067,0.7941392660140991,-0.03465412184596062,0.6067476272583008,0,-0.05846978351473808,0.9893850088119507,0.13303622603416443,0,-0.604917049407959,-0.1411256492137909,0.7836830615997314,0,0.006106953602284193,0.7324269413948059,-0.005134948063641787,1,0.9956909418106079,0.07335194945335388,-0.05673828348517418,0,-0.0707411915063858,0.9963989853858948,0.04673106595873833,0,0.059961818158626556,-0.04251599311828613,0.997295081615448,0,0,0.1341259926557541,-0.0034050000831484795,1,0.9995890259742737,0.015698382630944252,-0.02398580126464367,0,-0.014629620127379894,0.9989200234413147,0.04410199075937271,0,0.02465222217142582,-0.04373295605182648,0.9987390041351318,0,0,0.15653100609779358,0,1,0.9995660781860352,0.014987217262387276,-0.025367917492985725,0,-0.013872780837118626,0.9989550113677979,0.04355088621377945,0,0.02599410153925419,-0.04318004846572876,0.9987289905548096,0,0,0.17889299988746643,0,1,0.9973630309104919,-0.019640570506453514,-0.06987281143665314,0,0.019823314622044563,0.9998019933700562,0.0019229099852964282,0,0.06982114911079407,-0.0033029471524059772,0.9975540041923523,0,0,0.2012539952993393,0,1,0.9329599738121033,-0.12770222127437592,-0.33656802773475647,0,0.13887254893779755,0.9902670383453369,0.009220218285918236,0,0.3321148455142975,-0.055342163890600204,0.941614031791687,0,0,0.0920649990439415,0.0029670000076293945,1,0.21871794760227203,0.14220134913921356,-0.9653710126876831,0,0.9757862091064453,-0.029654374346137047,0.21670955419540405,0,0.002188966842368245,-0.9893930554389954,-0.14524397253990173,0,0.05645899847149849,0.18508100509643555,-0.0005530000198632479,1,0.6817477941513062,0.09871438145637512,0.7248973250389099,0,-0.5648446679115295,0.7007361650466919,0.4357980787754059,0,-0.4649420380592346,-0.7065584659576416,0.5334833860397339,0,0,0.11397500336170197,0,1,-0.30619651079177856,0.9506931304931641,-0.049248576164245605,0,-0.9511510133743286,-0.30766788125038147,-0.025556456297636032,0,-0.0394485704600811,0.03901755064725876,0.9984599947929382,0,0,0.32672300934791565,0,1,0.967042088508606,-0.0335271991789341,-0.25240105390548706,0,-0.00531707052141428,0.9884171485900879,-0.15166611969470978,0,0.2545626163482666,0.14800964295864105,0.95566326379776,0,0,0.2040569931268692,0,1,0.7060582041740417,0.4726797342300415,-0.5273100137710571,0,-0.006905256770551205,0.7491860389709473,0.6623229384422302,0,0.7081201672554016,-0.4639975428581238,0.5322331190109253,0,0,0.09350799769163132,0,1,0.6314654350280762,0.6770656108856201,0.37793394923210144,0,-0.41884127259254456,-0.11234662681818008,0.9010828733444214,0,0.6525518894195557,-0.7272969484329224,0.21264004707336426,0,0,0.03336799889802933,0,1,0.9911090135574341,0.10243874788284302,-0.08490211516618729,0,-0.04578613117337227,0.8617509603500366,0.5052600502967834,0,0.12492278963327408,-0.4968808889389038,0.8587801456451416,0,-0.0007980000227689743,0.03864999860525131,-0.01931699924170971,1,0.24081093072891235,-0.08204466849565506,0.96709805727005,0,-0.9649838209152222,0.08653060346841812,0.2476254105567932,0,-0.10399995744228363,-0.9928650259971619,-0.058334287256002426,0,-0.05645899847149849,0.18507300317287445,-0.0002680000034160912,1,0.6156677007675171,-0.5270158052444458,-0.5858384966850281,0,0.7735811471939087,0.262622207403183,0.5767167210578918,0,-0.15008462965488434,-0.8082594275474548,0.5693774819374084,0,0,0.11397500336170197,0,1,-0.31959351897239685,-0.9456439018249512,0.060142502188682556,0,0.9463179111480713,-0.3217751085758209,-0.03071996010839939,0,0.04840250685811043,0.04709603637456894,0.9977170825004578,0,0,0.3267349898815155,0,1,0.9425822496414185,-0.31511545181274414,0.1106373593211174,0,0.32288503646850586,0.9444843530654907,-0.06077609583735466,0,-0.0853438451886177,0.09300969541072845,0.9920010566711426,0,0,0.20520199835300446,0,1,0.9962690472602844,-0.0695539340376854,-0.051097720861434937,0,0.08224030584096909,0.9446454644203186,0.31762000918388367,0,0.026177482679486275,-0.3206369876861572,0.9468402862548828,0,0,0.08449699729681015,0,1,0.9324390888214111,0.21573464572429657,0.2898549735546112,0,-0.3600389063358307,0.48706328868865967,0.7957010865211487,0,0.030482597649097443,-0.8463022708892822,0.5318299531936646,0,0,0.0311489999294281,0,1,0.8848338723182678,0.3167739808559418,0.3416462540626526,0,-0.455672025680542,0.7412428259849548,0.4928712546825409,0,-0.09711415320634842,-0.5917884707450867,0.800222635269165,0,0.01579499989748001,0.04596000164747238,-0.002400000113993883,1,-0.9324089884757996,-0.18900078535079956,0.3080448508262634,0,0.34057655930519104,-0.7446869015693665,0.573975682258606,0,0.12091519683599472,0.6400934457778931,0.7587226629257202,0,0.08352500200271606,-0.07456299662590027,-0.00027099999715574086,1,0.995809018611908,-0.07827095687389374,-0.04731288179755211,0,0.03688012436032295,0.8170327544212341,-0.5754114389419556,0,0.08369410783052444,0.571254551410675,0.8164945840835571,0,0,0.3741450011730194,0,1,0.9755069613456726,-0.10674498230218887,-0.1923312246799469,0,0.218077152967453,0.35493096709251404,0.9091019630432129,0,-0.028777770698070526,-0.9287782311439514,0.3695162534713745,0,0,0.283378005027771,0,1,0.970210075378418,0.002713502384722233,-0.2422487884759903,0,0.10628853738307953,0.8937950134277344,0.43569889664649963,0,0.21770313382148743,-0.4484679400920868,0.8668809533119202,0,0,0.13549700379371643,0,1,-0.9182301163673401,0.26127704977989197,-0.2976376712322235,0,-0.3227526545524597,-0.929206132888794,0.1800207644701004,0,-0.22953124344348907,0.26136356592178345,0.9375519752502441,0,-0.08352500200271606,-0.07456299662590027,0.002302000066265464,1,0.9957229495048523,-0.08903048187494278,-0.024678360670804977,0,0.05070769414305687,0.7499411106109619,-0.6595578193664551,0,0.07722814381122589,0.6554862260818481,0.7512488961219788,0,0,0.37443000078201294,0,1,0.9236239790916443,0.27009689807891846,0.2719661295413971,0,-0.2993650734424591,0.06521467119455338,0.9519069790840149,0,0.2393711358308792,-0.9606220126152039,0.14109152555465698,0,0,0.28327998518943787,0,1,0.9571750164031982,-0.11659392714500427,0.2649940550327301,0,-0.09739699214696884,0.7322831153869629,0.6739989519119263,0,-0.27263492345809937,-0.6709447503089905,0.6895673274993896,0,0,0.1334020048379898,0,1
K0.100,0.7961260676383972,-0.0075710127130150795,0.6050829887390137,0,-0.09864501655101776,0.9849229454994202,0.14211395382881165,0,-0.5970360636711121,-0.1728290468454361,0.7833759188652039,0,0.013495001010596752,0.7374100089073181,-0.012139000929892063,1,0.9968570470809937,0.06454955786466599,-0.04592685401439667,0,-0.062641441822052,0.9971590042114258,0.041840724647045135,0,0.04849715158343315,-0.038832277059555054,0.9980679154396057,0,0,0.1341259926557541,-0.0034050000831484795,1,0.9998480081558228,0.011746825650334358,-0.01287242490798235,0,-0.011144171468913555,0.9988830089569092,0.045929718762636185,0,0.013397573493421078,-0.0457792803645134,0.9988619685173035,0,0,0.15653100609779358,0,1,0.9998379945755005,0.011072573252022266,-0.014190802350640297,0,-0.01041642390191555,0.9989100098609924,0.045506104826927185,0,0.01467919535934925,-0.04535088688135147,0.9988629817962646,0,0,0.17889299988746643,0,1,0.9968769550323486,-0.02918427623808384,-0.07337636500597,0,0.029438724741339684,0.999563992023468,0.0023881758097559214,0,0.073274627327919,-0.00454082153737545,0.9973009824752808,0,0,0.2012539952993393,0,1,0.9279162287712097,-0.1437617540359497,-0.34395357966423035,0,0.1434672474861145,0.9893009662628174,-0.02645140141248703,0,0.3440764248371124,-0.02480139397084713,0.9386138319969177,0,0,0.0920649990439415,0.0029670000076293945,1,0.2263992726802826,0.1394118368625641,-0.9640058875083923,0,0.9739518761634827,-0.04530540108680725,0.22218312323093414,0,-0.012699770741164684,-0.9891980886459351,-0.14603759348392487,0,0.05645899847149849,0.18508100509643555,-0.0005530000198632479,1,0.6479467749595642,0.15758410096168518,0.7452061772346497,0,-0.5829809308052063,0.7322530150413513,0.35204917192459106,0,-0.4902019202709198,-0.6625498533248901,0.5663292407989502,0,0,0.11397500336170197,0,1,-0.3107227385044098,0.9492180347442627,-0.04937063902616501,0,-0.9496738910675049,-0.3121991753578186,-0.02551802061498165,0,-0.039635639637708664,0.03895697742700577,0.9984549880027771,0,0,0.32672300934791565,0,1,0.9332109689712524,-0.05780443921685219,-0.3546489477157593,0,-0.06670544296503067,0.941952109336853,-0.32905569672584534,0,0.353083074092865,0.33073529601097107,0.8751838803291321,0,0,0.2040569931268692,0,1,0.7053112387657166,0.4681938886642456,-0.5322889089584351,0,-0.009877121075987816,0.7572852373123169,0.6530097723007202,0,0.7088290452957153,-0.4553171992301941,0.538745641708374,0,0,0.09350799769163132,0,1,0.6386308073997498,0.6744500398635864,0.37049630284309387,0,-0.41995686292648315,-0.09797503054141998,0.9022401571273804,0,0.6448153257369995,-0.7317908406257629,0.22067002952098846,0,0,0.03336799889802933,0,1,0.9914669990539551,0.09975968301296234,-0.08391333371400833,0,-0.044314317405223846,0.8633017539978027,0.5027392506599426,0,0.1225956529378891,-0.4947308599948883,0.8603561520576477,0,-0.0007980000227689743,0.03864999860525131,-0.01931699924170971,1,0.23252025246620178,-0.08418881148099899,0.9689409732818604,0,-0.9656229019165039,0.0990617647767067,0.24033123254776,0,-0.11621823906898499,-0.9915139675140381,-0.05826079472899437,0,-0.05645899847149849,0.18507300317287445,-0.0002680000034160912,1,0.6768919825553894,-0.5538402795791626,-0.48484867811203003,0,0.7096259593963623,0.3159893751144409,0.6297479867935181,0,-0.1955726593732834,-0.7703322172164917,0.6069098114967346,0,0,0.11397500336170197,0,1,-0.267828106880188,-0.9616910815238953,0.05846141651272774,0,0.9623759984970093,-0.2699180543422699,-0.031241407617926598,0,0.04582441598176956,0.047894593328237534,0.9978010654449463,0,0,0.3267349898815155,0,1,0.9144749045372009,-0.37479615211486816,0.15252584218978882,0,0.3929418623447418,0.9125201106071472,-0.1135968565940857,0,-0.09660714864730835,0.16381511092185974,0.9817489981651306,0,0,0.20520199835300446,0,1,0.9929099678993225,-0.11680237203836441,-0.022073131054639816,0,0.11813263595104218,0.9902380704879761,0.07397793978452682,0,0.013216867111623287,-0.07606103271245956,0.9970160722732544,0,0,0.08449699729681015,0,1,0.9355459809303284,0.2725238800048828,0.22468805313110352,0,-0.3525931239128113,0.683152973651886,0.6395159363746643,0,0.020787052810192108,-0.6775200366973877,0.7352110147476196,0,0,0.0311489999294281,0,1,0.8927030563354492,0.3332521319389343,0.303355872631073,0,-0.4430938959121704,0.771809995174408,0.45604509115219116,0,-0.08215510100126266,-0.5415279269218445,0.8366590142250061,0,0.01579499989748001,0.04596000164747238,-0.002400000113993883,1,-0.942794144153595,-0.1583419144153595,0.29337313771247864,0,0.31020304560661316,-0.7390310168266296,0.5980030298233032,0,0.1221228837966919,0.6547989249229431,0.7458720207214355,0,0.08352500200271606,-0.07456299662590027,-0.00027099999715574086,1,0.9972969889640808,-0.06789416819810867,-0.02808293327689171,0,0.04351982846856117,0.8538261651992798,-0.5187357068061829,0,0.05919705703854561,0.5161112546920776,0.8544727563858032,0,0,0.3741450011730194,0,1,0.9553190469741821,-0.13227500021457672,-0.2643258571624756,0,0.295538991689682,0.44153496623039246,0.8471740484237671,0,0.004649163223803043,-0.8874399662017822,0.46089908480644226,0,0,0.283378005027771,0,1,0.9666189551353455,0.02718215063214302,-0.2547732889652252,0,0.10476714372634888,0.8654991388320923,0.48983168601989746,0,0.23382067680358887,-0.5001723170280457,0.8337598443031311,0,0,0.13549700379371643,0,1,-0.9048789143562317,0.2786421775817871,-0.3217960298061371,0,-0.3611448407173157,-0.9027051329612732,0.23387682437896729,0,-0.22531896829605103,0.32784518599510193,0.9174690246582031,0,-0.08352500200271606,-0.07456299662590027,0.002302000066265464,1,0.9970040321350098,-0.07527700066566467,-0.01781383343040943,0,0.043857015669345856,0.7397559881210327,-0.6714439988136292,0,0.063722163438797,0.6686509847640991,0.7408409714698792,0,0,0.37443000078201294,0,1,0.9247490763664246,0.27463382482528687,0.2634659707546234,0,-0.3013291358947754,0.10550913959741592,0.9476649165153503,0,0.23246298730373383,-0.9557430744171143,0.18032482266426086,0,0,0.28327998518943787,0,1,0.9545660018920898,-0.1303018480539322,0.2680031955242157,0,-0.09882484376430511,0.7100282907485962,0.6972036957740784,0,-0.28113678097724915,-0.6920123100280762,0.66489177942276,0,0,0.1334020048379898,0,1
K0.133,0.8068970441818237,0.016425922513008118,0.5904629230499268,0,-0.13865001499652863,0.9769529700279236,0.16229458153247833,0,-0.5741888880729675,-0.2128227800130844,0.7905781865119934,0,0.021412042900919914,0.7404279708862305,-0.019234035164117813,1,0.9979529976844788,0.054899994283914566,-0.03281012177467346,0,-0.05371589586138725,0.9979090094566345,0.0359419509768486,0,0.0347147174179554,-0.034105945378541946,0.9988150000572205,0,0,0.1341259926557541,-0.0034050000831484795,1,0.9999859929084778,0.004550658166408539,0.0025411664973944426,0,-0.004662325605750084,0.9989389181137085,0.045817866921424866,0,-0.002329970942810178,-0.04582911729812622,0.9989470839500427,0,0,0.15653100609779358,0,1,0.9999920129776001,0.003866194747388363,0.0013303346931934357,0,-0.003922789357602596,0.9989539980888367,0.04555807262659073,0,-0.0011528065660968423,-0.04556291550397873,0.9989609122276306,0,0,0.17889299988746643,0,1,0.996182918548584,-0.040382590144872665,-0.07739189267158508,0,0.0397334098815918,0.9991610050201416,-0.009910114109516144,0,0.07772709429264069,0.006797238253057003,0.9969509840011597,0,0,0.2012539952993393,0,1,0.9247610569000244,-0.16220971941947937,-0.3442467451095581,0,0.14082349836826324,0.9862549901008606,-0.08642657846212387,0,0.3535342216491699,0.03144589066505432,0.9348928928375244,0,0,0.0920649990439415,0.0029670000076293945,1,0.22129593789577484,0.13800117373466492,-0.9653930068016052,0,0.9750189781188965,-0.0507570281624794,0.21624688804149628,0,-0.019158130511641502,-0.9891310334205627,-0.1457860916852951,0,0.05645899847149849,0.18508100509643555,-0.0005530000198632479,1,0.5996997952461243,0.1860927790403366,0.7782860994338989,0,-0.5598076581954956,0.7925414443016052,0.2418522834777832,0,-0.5718175172805786,-0.5807297825813293,0.5794636011123657,0,0,0.11397500336170197,0,1,-0.1017136201262474,0.9938515424728394,-0.04375376179814339,0,-0.9943285584449768,-0.1029386818408966,-0.0267180148512125,0,-0.03105768747627735,0.04078802093863487,0.9986850023269653,0,0,0.32672300934791565,0,1,0.8579357266426086,-0.17738012969493866,-0.48216405510902405,0,-0.14057530462741852,0.82164067029953,-0.552399754524231,0,0.4941505193710327,0.5417040586471558,0.6799799203872681,0,0,0.2040569931268692,0,1,0.6860776543617249,0.29911142587661743,-0.6631965041160583,0,-0.07222892343997955,0.9350754022598267,0.34701186418533325,0,0.7239341139793396,-0.1901751458644867,0.6631389856338501,0,0,0.09350799769163132,0,1,0.820554256439209,0.5419242978096008,0.18168072402477264,0,-0.3899751603603363,0.2984357178211212,0.8711227774620056,0,0.4178628623485565,-0.7856549024581909,0.45622000098228455,0,0,0.03336799889802933,0,1,0.9981970191001892,0.02701423317193985,-0.05360446125268936,0,-0.0011702602496370673,0.9015984535217285,0.4325729310512543,0,0.060015320777893066,-0.4317302405834198,0.9000043272972107,0,-0.0007980000227689743,0.03864999860525131,-0.01931699924170971,1,0.22583213448524475,-0.08338524401187897,0.9705909490585327,0,-0.968291163444519,0.09004194289445877,0.2330327033996582,0,-0.10682541131973267,-0.9924410581588745,-0.060406845062971115,0,-0.05645899847149849,0.18507300317287445,-0.0002680000034160912,1,0.7776389718055725,-0.5407564043998718,-0.3207184672355652,0,0.581942617893219,0.42602819204330444,0.6927064061164856,0,-0.2379503846168518,-0.7253153920173645,0.64598548412323,0,0,0.11397500336170197,0,1,-0.1280192881822586,-0.9903042912483215,0.05392349138855934,0,0.991010308265686,-0.12986229360103607,-0.03217073529958725,0,0.0388614647090435,0.049320288002491,0.9980270862579346,0,0,0.3267349898815155,0,1,0.9214115142822266,-0.35596156120300293,0.1558578759431839,0,0.36184969544410706,0.9321799278259277,-0.010216178372502327,0,-0.14165115356445312,0.06581049412488937,0.9877269864082336,0,0,0.20520199835300446,0,1,0.9881970286369324,-0.15246480703353882,0.014845279976725578,0,0.1528363823890686,0.9747598767280579,-0.16273702681064606,0,0.010341097600758076,0.16308532655239105,0.9865580201148987,0,0,0.08449699729681015,0,1,0.9392679929733276,0.31029510498046875,0.14659999310970306,0,-0.34291696548461914,0.8317693471908569,0.4365414083003998,0,0.013519284315407276,-0.46030089259147644,0.8876595497131348,0,0,0.0311489999294281,0,1,0.8997081518173218,0.34711891412734985,0.2646406590938568,0,-0.43138810992240906,0.7995750308036804,0.41783371567726135,0,-0.06656201183795929,-0.4900906980037689,0.8691262006759644,0,0.01579499989748001,0.04596000164747238,-0.002400000113993883,1,-0.9509591460227966,-0.13288068771362305,0.2793220281600952,0,0.28358450531959534,-0.7351478338241577,0.615742027759552,0,0.12352266162633896,0.6647562980651855,0.7367777228355408,0,0.08352500200271606,-0.07456299662590027,-0.00027099999715574086,1,0.9984850883483887,-0.05473756417632103,0.005524268373847008,0,0.05247783288359642,0.9174673557281494,-0.39433419704437256,0,0.016516560688614845,0.3940267860889435,0.9189501404762268,0,0,0.3741450011730194,0,1,0.9262038469314575,-0.19636650383472443,-0.3218487799167633,0,0.3762929439544678,0.534570038318634,0.756729006767273,0,0.023454496636986732,-0.8219947814941406,0.5690122246742249,0,0,0.283378005027771,0,1,0.9643170833587646,0.023452626541256905,-0.26370787620544434,0,0.10529190301895142,0.87993323802948,0.46328359842300415,0,0.24291056394577026,-0.47451862692832947,0.8460653424263,0,0,0.13549700379371643,0,1,-0.8885857462882996,0.289631724357605,-0.35570740699768066,0,-0.40012621879577637,-0.8685967326164246,0.2923000156879425,0,-0.22430691123008728,0.4020613729953766,0.8877118825912476,0,-0.08352500200271606,-0.07456299662590027,0.002302000066265464,1,0.9969729781150818,-0.06800108402967453,-0.03769919276237488,0,0.022729523479938507,0.7185818552970886,-0.6950712203979492,0,0.07435551285743713,0.692110002040863,0.7179519534111023,0,0,0.37443000078201294,0,1,0.9318119287490845,0.259672075510025,0.253567099571228,0,-0.2965743839740753,0.14204955101013184,0.9443860650062561,0,0.20921169221401215,-0.9551921486854553,0.20937563478946686,0,0,0.28327998518943787,0,1,0.9519619345664978,-0.1436057984828949,0.2704562246799469,0,-0.10047384351491928,0.6878378987312317,0.7188770771026611,0,-0.2892647385597229,-0.711516797542572,0.6403663158416748,0,0,0.1334020048379898,0,1
