1.233,30,37,33
B0,mixamorig_Hips,-1,0.5698999762535095,0.03414300084114075,0.8210039734840393,0,0.030625000596046448,0.9975600242614746,-0.06274399906396866,0,-0.8211429715156555,0.06090100109577179,0.5674639940261841,0,1.9079320430755615,26.29173469543457,1.0863629579544067,1
B1,mixamorig_Spine,0,0.9998109936714172,-0.01800299994647503,-0.007327999919652939,0,0.01925799995660782,0.9686350226402283,0.2477390021085739,0,0.002638000063598156,-0.2478329986333847,0.9687989950180054,0,0,8.79913330078125,1.6226550340652466,1
B2,mixamorig_Spine1,1,0.9998819828033447,-0.009027999825775623,-0.01244600024074316,0,0.010626000352203846,0.9907950162887573,0.1349550038576126,0,0.011113000102341175,-0.13507099449634552,0.9907739758491516,0,0,10.438746452331543,0,1
B3,mixamorig_Spine2,2,0.9998900294303894,-0.008936000056564808,-0.011800999753177166,0,0.01044899970293045,0.9907870292663574,0.13502299785614014,0,0.010486000217497349,-0.13513100147247314,0.990772008895874,0,0,11.9299955368042,0,1
B4,mixamorig_Neck,3,0.9913790225982666,-0.09448599815368652,-0.09077399969100952,0,0.07785099744796753,0.9820259809494019,-0.17194199562072754,0,0.10538800060749054,0.16339200735092163,0.9809160232543945,0,0,13.421246528625488,-0.0000019999999949504854,1
B5,mixamorig_Head,4,0.8592280149459839,-0.23742300271987915,-0.4531649947166443,0,0.18825699388980865,0.9703720211982727,-0.15145300328731537,0,0.47569701075553894,0.04482100158929825,0.8784670233726501,0,0,25.439292907714844,12.801201820373535,1
B6,mixamorig_HeadTop_End,5,1,0,0,0,0,1,0,0,0,0,1,0,0,9.795143127441406,4.9289751052856445,1
B7,mixamorig_LeftShoulder,3,0.030251000076532364,0.022064000368118286,-0.9992989897727966,0,0.9659159779548645,-0.2577820122241974,0.023548999801278114,0,-0.2570819854736328,-0.9659510254859924,-0.029109999537467957,0,5.906147003173828,10.465089797973633,0.6422150135040283,1
B8,mixamorig_LeftArm,7,0.26714199781417847,-0.39493799209594727,0.879010021686554,0,-0.3078809976577759,0.8293740153312683,0.46620500087738037,0,-0.9131510257720947,-0.39517301321029663,0.09996700286865234,0,0,13.276083946228027,0,1
B9,mixamorig_LeftForeArm,8,-0.1373469978570938,0.9282519817352295,0.34566301107406616,0,-0.9288190007209778,-0.24193799495697021,0.2806459963321686,0,0.3441390097141266,-0.28251299262046814,0.8954079747200012,0,0,21.064205169677734,0,1
B10,mixamorig_LeftHand,9,0.967162013053894,-0.00020799999765586108,0.25415900349617004,0,0.00611699977889657,0.9997289776802063,-0.022460000589489937,0,-0.2540859878063202,0.023276999592781067,0.9669020175933838,0,0,18.91700553894043,0,1
B11,mixamorig_LeftHandIndex1,10,0.625789999961853,0.08499100059270859,-0.7753469944000244,0,0.0776510015130043,0.9823189973831177,0.17035099864006042,0,0.7761170268058777,-0.16681000590324402,0.6081259846687317,0,0,1.1143349409103394,0,1
B12,mixamorig_LeftHandIndex2,11,0.9742410182952881,0.22106899321079254,0.044534001499414444,0,-0.2223699986934662,0.9089170098304749,0.3527339994907379,0,0.03750099986791611,-0.3535510003566742,0.9346629977226257,0,0,1.6725499629974365,0,1
B13,mixamorig_LeftHandIndex3,12,0.9739260077476501,-0.22549399733543396,0.024914000183343887,0,0.22408899664878845,0.9733150005340576,0.049410998821258545,0,-0.03539099916815758,-0.04253999888896942,0.9984679818153381,0,0.3344370126724243,2.2891499996185303,-0.4589270055294037,1
B14,mixamorig_LeftHandIndex4,13,1,0,0,0,0,1,0,0,0,0,1,0,-0.21233400702476501,1.229140043258667,-0.09149900078773499,1
B15,mixamorig_RightShoulder,3,-0.09613300114870071,-0.006357000209391117,0.9953479766845703,0,-0.970920979976654,-0.2196660041809082,-0.09517700225114822,0,0.21924899518489838,-0.9755550026893616,0.014945000410079956,0,-5.906147003173828,10.430466651916504,0.4544619917869568,1
B16,mixamorig_RightArm,15,0.30880698561668396,-0.581587016582489,-0.7525920271873474,0,0.9510669708251953,0.18006199598312378,0.25109800696372986,0,-0.010521999560296535,-0.7933059930801392,0.6087319850921631,0,0,13.276083946228027,0,1
B17,mixamorig_RightForeArm,16,-0.028801999986171722,-0.9251989722251892,-0.3783870041370392,0,0.9257140159606934,-0.16750599443912506,0.33910900354385376,0,-0.377126008272171,-0.3405109941959381,0.8612949848175049,0,0,21.18159294128418,0,1
B18,mixamorig_RightHand,17,-0.27897199988365173,-0.004925000015646219,0.9602869749069214,0,0.37992799282073975,0.9178299903869629,0.11507999897003174,0,-0.8819460272789001,0.39694398641586304,-0.254177987575531,0,0,18.986501693725586,0,1
B19,mixamorig_RightHandIndex1,18,0.9935759902000427,-0.11114700138568878,0.021299000829458237,0,0.11081899702548981,0.993710994720459,0.016025999560952187,0,-0.02294600009918213,-0.013562999665737152,0.9996449947357178,0,0,1.640491008758545,0,1
B20,mixamorig_RightHandIndex2,19,0.9925680160522461,0.11982099711894989,-0.021271999925374985,0,-0.12167999893426895,0.9745270013809204,-0.18838900327682495,0,-0.00184299994725734,0.18957699835300446,0.9818639755249023,0,0,1.5764230489730835,0,1
B21,mixamorig_RightHandIndex3,20,0.9401370286941528,-0.3339200019836426,-0.06811299920082092,0,0.33672600984573364,0.9409639835357666,0.034676000475883484,0,0.0525129996240139,-0.055535998195409775,0.9970750212669373,0,0.5096039772033691,2.1182711124420166,0.4482240080833435,1
B22,mixamorig_RightHandIndex4,21,1,0,0,0,0,1,0,0,0,0,1,0,-0.008270000107586384,1.4761300086975098,0.265269011259079,1
B23,mixamorig_LeftUpLeg,0,-0.862546980381012,-0.4260680079460144,0.2729080021381378,0,0.4841490089893341,-0.8517040014266968,0.20049899816513062,0,0.14700999855995178,0.3050679862499237,0.9409149885177612,0,8.650915145874023,-4.8871169090271,0.24506500363349915,1
B24,mixamorig_LeftLeg,23,0.9643329977989197,0.22211399674415588,0.14396800100803375,0,-0.02365100011229515,0.6140400171279907,-0.7889209985733032,0,-0.26363199949264526,0.757377028465271,0.5973920226097107,0,0,12.695605278015137,0,1
B25,mixamorig_LeftFoot,24,0.8637419939041138,0.2632170021533966,-0.4297280013561249,0,0.47725799679756165,-0.15350399911403656,0.8652520179748535,0,0.16178299486637115,-0.9524459838867188,-0.2582109868526459,0,0,7.194169044494629,0,1
B26,mixamorig_LeftToeBase,25,0.9849470257759094,0.17285700142383575,0,0,-0.17047299444675446,0.9713630080223083,0.1655060052871704,0,0.028609000146389008,-0.1630149930715561,0.986208975315094,0,0,11.890504837036133,0,1
B27,mixamorig_LeftToe_End,26,1,0,0,0,0,1,0,0,0,0,1,0,0,4.245769023895264,0,1
B28,mixamorig_RightUpLeg,0,-0.7386590242385864,0.6024829745292664,-0.3023180067539215,0,-0.6657260060310364,-0.7224090099334717,0.18690699338912964,0,-0.10578899830579758,0.3393220007419586,0.93470299243927,0,-8.650915145874023,-4.8871169090271,-0.03167000040411949,1
B29,mixamorig_RightLeg,28,0.9918180108070374,0.10443899780511856,-0.07340899854898453,0,-0.11698099970817566,0.5133510231971741,-0.850167989730835,0,-0.05110599845647812,0.8518000245094299,0.5213689804077148,0,0,12.77074146270752,0,1
B30,mixamorig_RightFoot,29,0.7748110294342041,0.468176007270813,0.4248279929161072,0,-0.3597800135612488,-0.22601300477981567,0.9052489995956421,0,0.5198330283164978,-0.8542420268058777,-0.006676000077277422,0,0,7.878663063049316,0,1
B31,mixamorig_RightToeBase,30,0.9998760223388672,0.015744000673294067,0,0,-0.01532800029963255,0.973475992679596,0.22827300429344177,0,0.003593999892473221,-0.22824500501155853,0.97359699010849,0,0,11.90468978881836,0,1
B32,mixamorig_RightToe_End,31,1,0,0,0,0,1,0,0,0,0,1,0,0,4.031345844268799,0,1
@28,0,1,2,3,4,5,7,8,9,10,11,12,13,15,16,17,18,19,20,21,23,24,25,26,28,29,30,31
K0,0.5699000954627991,0.034143079072237015,0.8210039138793945,0,0.030625080689787865,0.9975600242614746,-0.06274392455816269,0,-0.8211429119110107,0.06090107560157776,0.5674639344215393,0,1.9079320430755615,26.29173469543457,1.0863629579544067,1,0.9998109936714172,-0.018003303557634354,-0.00732797896489501,0,0.019257694482803345,0.968635082244873,0.2477388232946396,0,0.002638020785525441,-0.24783317744731903,0.9687989354133606,0,0,8.79913330078125,1.6226550340652466,1,0.9998820424079895,-0.009028102271258831,-0.01244597602635622,0,0.010625897906720638,0.9907950162887573,0.13495483994483948,0,0.01111302338540554,-0.13507115840911865,0.9907739162445068,0,0,10.438746452331543,0,1,0.9998900294303894,-0.008936377242207527,-0.011801166459918022,0,0.010448621585965157,0.9907870292663574,0.13502274453639984,0,0.010485833510756493,-0.13513126969337463,0.9907719492912292,0,0,11.9299955368042,0,1,0.9913790225982666,-0.09448595345020294,-0.09077375382184982,0,0.07785104215145111,0.9820260405540466,-0.17194156348705292,0,0.10538826137781143,0.16339243948459625,0.9809159636497498,0,0,13.421246528625488,-0.0000019999999949504854,1,0.8592279553413391,-0.2374231070280075,-0.4531650245189667,0,0.1882568746805191,0.9703720211982727,-0.15145288407802582,0,0.47569698095321655,0.044821109622716904,0.8784670829772949,0,0,25.439292907714844,12.801201820373535,1,0.03025083988904953,0.022063739597797394,-0.9992990493774414,0,0.9659159779548645,-0.2577819526195526,0.023548660799860954,0,-0.2570815980434418,-0.965951144695282,-0.029109856113791466,0,5.906147003173828,10.465089797973633,0.6422150135040283,1,0.26714175939559937,-0.3949376046657562,0.8790103197097778,0,-0.30788061022758484,0.8293742537498474,0.46620485186576843,0,-0.91315096616745,-0.3951732814311981,0.09996692836284637,0,0,13.276083946228027,0,1,-0.13734696805477142,0.9282518625259399,0.3456633985042572,0,-0.9288190007209778,-0.24193812906742096,0.2806459367275238,0,0.3441393971443176,-0.2825130224227905,0.8954077959060669,0,0,21.064205169677734,0,1,0.9671619534492493,-0.00020789656264241785,0.2541591227054596,0,0.0061171031557023525,0.9997289776802063,-0.02245990000665188,0,-0.25408583879470825,0.023277100175619125,0.9669020175933838,0,0,18.91700553894043,0,1,0.6257898211479187,0.08499071002006531,-0.775347113609314,0,0.07765071094036102,0.9823190569877625,0.1703508347272873,0,0.7761169075965881,-0.16681016981601715,0.6081260442733765,0,0,1.1143349409103394,0,1,0.9742409586906433,0.22106896340847015,0.04453391581773758,0,-0.2223699986934662,0.9089170098304749,0.3527340888977051,0,0.03750091791152954,-0.35355091094970703,0.9346629977226257,0,0,1.6725499629974365,0,1,0.9739258885383606,-0.2254941761493683,0.024913940578699112,0,0.22408877313137054,0.9733150601387024,0.04941112920641899,0,-0.035391055047512054,-0.042539868503808975,0.9984679818153381,0,0.3344370126724243,2.2891499996185303,-0.4589270055294037,1,-0.09613339602947235,-0.006357006728649139,0.9953479170799255,0,-0.9709210395812988,-0.21966569125652313,-0.09517712146043777,0,0.21924903988838196,-0.9755549430847168,0.01494506560266018,0,-5.906147003173828,10.430466651916504,0.4544619917869568,1,0.30880680680274963,-0.5815869569778442,-0.7525922060012817,0,0.9510670900344849,0.1800617277622223,0.25109806656837463,0,-0.010522249154746532,-0.7933059334754944,0.6087321043014526,0,0,13.276083946228027,0,1,-0.028801683336496353,-0.925199031829834,-0.37838658690452576,0,0.9257139563560486,-0.16750597953796387,0.3391088545322418,0,-0.3771255910396576,-0.34051114320755005,0.8612950444221497,0,0,21.18159294128418,0,1,-0.27897217869758606,-0.00492488220334053,0.9602869153022766,0,0.3799281120300293,0.9178299307823181,0.11507976055145264,0,-0.8819461464881897,0.39694374799728394,-0.2541777491569519,0,0,18.986501693725586,0,1,0.993575930595398,-0.11114723235368729,0.021298840641975403,0,0.11081879585981369,0.993710994720459,0.016026128083467484,0,-0.022946162149310112,-0.01356287021189928,0.999644935131073,0,0,1.640491008758545,0,1,0.9925681352615356,0.11982075124979019,-0.021271878853440285,0,-0.12168025225400925,0.9745269417762756,-0.1883888840675354,0,-0.0018428772455081344,0.189577117562294,0.9818639159202576,0,0,1.5764230489730835,0,1,0.9401369690895081,-0.3339199721813202,-0.06811308860778809,0,0.33672600984573364,0.9409639239311218,0.03467617556452751,0,0.052512913942337036,-0.055535830557346344,0.9970750212669373,0,0.5096039772033691,2.1182711124420166,0.4482240080833435,1,-0.8625470399856567,-0.42606785893440247,0.27290770411491394,0,0.48414909839630127,-0.8517038226127625,0.20049908757209778,0,0.14701029658317566,0.30506789684295654,0.9409149289131165,0,8.650915145874023,-4.8871169090271,0.24506500363349915,1,0.9643330574035645,0.22211384773254395,0.14396785199642181,0,-0.0236511193215847,0.6140401363372803,-0.7889209389686584,0,-0.2636321485042572,0.757377028465271,0.5973919630050659,0,0,12.695605278015137,0,1,0.8637424111366272,0.2632165551185608,-0.4297274351119995,0,0.47725751996040344,-0.1535046100616455,0.8652520775794983,0,0.16178356111049652,-0.952445924282074,-0.25821059942245483,0,0,7.194169044494629,0,1,0.9849470257759094,0.17285700142383575,0,0,-0.17047300934791565,0.9713630080223083,0.16550615429878235,0,0.028608953580260277,-0.16301485896110535,0.986208975315094,0,0,11.890504837036133,0,1,-0.7386590838432312,0.6024829745292664,-0.3023180365562439,0,-0.6657260060310364,-0.7224090099334717,0.18690714240074158,0,-0.10578896105289459,0.33932188153266907,0.9347031116485596,0,-8.650915145874023,-4.8871169090271,-0.03167000040411949,1,0.9918180108070374,0.10443896055221558,-0.0734090656042099,0,-0.11698102951049805,0.5133511424064636,-0.8501678705215454,0,-0.05110606923699379,0.8518000841140747,0.5213688015937805,0,0,12.77074146270752,0,1,0.7748110294342041,0.4681762456893921,0.4248277544975281,0,-0.3597799241542816,-0.22601215541362762,0.9052492380142212,0,0.5198327898979187,-0.8542421460151672,-0.006676287390291691,0,0,7.878663063049316,0,1,0.9998760223388672,0.01574384979903698,0,0,-0.015328150242567062,0.973475992679596,0.22827312350273132,0,0.0035939491353929043,-0.22824490070343018,0.97359699010849,0,0,11.90468978881836,0,1
K0.033,0.6242353320121765,0.04137565568089485,0.780139684677124,0,0.02009863778948784,0.9974150061607361,-0.06898120790719986,0,-0.7809776067733765,0.0587402880191803,0.6217904686927795,0,1.8959485292434692,26.25984001159668,1.0756560564041138,1,0.9998909831047058,-0.013972733169794083,-0.004824939649552107,0,0.014737289398908615,0.9677109718322754,0.25163331627845764,0,0.0011531416093930602,-0.25167688727378845,0.9678109884262085,0,0,8.79913330078125,1.6226550340652466,1,0.9998909831047058,-0.005936251953244209,-0.01352706179022789,0,0.007804773282259703,0.9897550344467163,0.14256516098976135,0,0.01254216767847538,-0.1426551342010498,0.9896929860115051,0,0,10.438746452331543,0,1,0.9998990297317505,-0.0058558303862810135,-0.012982752174139023,0,0.0076481918804347515,0.9897480607032776,0.14262175559997559,0,0.012014471925795078,-0.1427065134048462,0.9896918535232544,0,0,11.9299955368042,0,1,0.9920340776443481,-0.09820272028446198,-0.07889382541179657,0,0.0826813131570816,0.9801219701766968,-0.1803431659936905,0,0.09503587335348129,0.17238372564315796,0.9804351329803467,0,0,13.421246528625488,-0.0000019999999949504854,1,0.886376142501831,-0.2380920797586441,-0.39705172181129456,0,0.19048196077346802,0.9692220091819763,-0.15596315264701843,0,0.4219649136066437,0.06261081993579865,0.9044475555419922,0,0,25.439292907714844,12.801201820373535,1,0.03937695175409317,0.02308092638850212,-0.9989578723907471,0,0.9669289588928223,-0.25299501419067383,0.0322689451277256,0,-0.25198662281036377,-0.9671920537948608,-0.032279741019010544,0,5.906147003173828,10.465089797973633,0.6422150135040283,1,0.28108805418014526,-0.35340452194213867,0.8922411203384399,0,-0.3963882327079773,0.8039585947990417,0.4433135390281677,0,-0.8739942908287048,-0.47828420996665955,0.0858977809548378,0,0,13.276083946228027,0,1,-0.12672485411167145,0.9309491515159607,0.34245380759239197,0,-0.9315171837806702,-0.23033879697322845,0.28146082162857056,0,0.3409058153629303,-0.28333330154418945,0.8963840007781982,0,0,21.064205169677734,0,1,0.9681969881057739,0.0012460201978683472,0.2501879930496216,0,0.0050430214032530785,0.9996870160102844,-0.024494653567671776,0,-0.2501400411128998,0.024977335706353188,0.9678869247436523,0,0,18.91700553894043,0,1,0.6257898211479187,0.08499071002006531,-0.775347113609314,0,0.07765071094036102,0.9823190569877625,0.1703508347272873,0,0.7761169075965881,-0.16681016981601715,0.6081260442733765,0,0,1.1143349409103394,0,1,0.9742409586906433,0.22106896340847015,0.04453391581773758,0,-0.2223699986934662,0.9089170098304749,0.3527340888977051,0,0.03750091791152954,-0.35355091094970703,0.9346629977226257,0,0,1.6725499629974365,0,1,0.9739260077476501,-0.22549371421337128,0.024913953617215157,0,0.22408825159072876,0.9733148813247681,0.049411118030548096,0,-0.03539104387164116,-0.04253988340497017,0.9984679818153381,0,0.3344370126724243,2.2891499996185303,-0.4589270055294037,1,-0.08997195214033127,-0.006963778752833605,0.995919942855835,0,-0.971328854560852,-0.22033338248729706,-0.0892910361289978,0,0.22005632519721985,-0.9753998517990112,0.013059733435511589,0,-5.906147003173828,10.430466651916504,0.4544619917869568,1,0.3251335322856903,-0.5448058843612671,-0.7729649543762207,0,0.9453240633010864,0.20930732786655426,0.2501079738140106,0,0.025526953861117363,-0.8120203614234924,0.5830705165863037,0,0,13.276083946228027,0,1,-0.039475906640291214,-0.9231961965560913,-0.38229674100875854,0,0.9237098693847656,-0.17961908876895905,0.3383742868900299,0,-0.38105374574661255,-0.3397737145423889,0.8598563075065613,0,0,21.18159294128418,0,1,-0.29750797152519226,-0.000606065324973315,0.9547188878059387,0,0.38495293259620667,0.9150310158729553,0.12053930759429932,0,-0.873670756816864,0.40338343381881714,-0.27199578285217285,0,0,18.986501693725586,0,1,0.993575930595398,-0.11114723235368729,0.021298840641975403,0,0.11081879585981369,0.993710994720459,0.016026128083467484,0,-0.022946162149310112,-0.01356287021189928,0.999644935131073,0,0,1.640491008758545,0,1,0.9925680160522461,0.11982078850269318,-0.021271375939249992,0,-0.12168020755052567,0.9745269417762756,-0.1883889138698578,0,-0.0018433778313919902,0.18957708775997162,0.9818639159202576,0,0,1.5764230489730835,0,1,0.9401369690895081,-0.3339199721813202,-0.06811308860778809,0,0.33672600984573364,0.9409639239311218,0.03467617556452751,0,0.052512913942337036,-0.055535830557346344,0.9970750212669373,0,0.5096039772033691,2.1182711124420166,0.4482240080833435,1,-0.8715449571609497,-0.40990686416625977,0.2690448760986328,0,0.476019948720932,-0.8389068245887756,0.26389336585998535,0,0.1175319254398346,0.35806575417518616,0.9262690544128418,0,8.650915145874023,-4.8871169090271,0.24506500363349915,1,0.9813191294670105,0.15014082193374634,0.12029736489057541,0,0.0032535074278712273,0.6122398972511292,-0.7906650900840759,0,-0.19236189126968384,0.7762859463691711,0.6003140807151794,0,0,12.695605278015137,0,1,0.8569789528846741,0.31270831823349,-0.4096350073814392,0,0.4608968496322632,-0.1094358041882515,0.8806800842285156,0,0.23056727647781372,-0.9435239434242249,-0.23791050910949707,0,0,7.194169044494629,0,1,0.9849470853805542,0.17285586893558502,0,0,-0.17047211527824402,0.9713640213012695,0.16550517082214355,0,0.028608271852135658,-0.16301384568214417,0.9862090349197388,0,0,11.890504837036133,0,1,-0.7160267233848572,0.624268114566803,-0.31240031123161316,0,-0.681523323059082,-0.7220117449760437,0.11927012354135513,0,-0.15110015869140625,0.29830870032310486,0.9424330592155457,0,-8.650915145874023,-4.8871169090271,-0.03167000040411949,1,0.9921780228614807,0.09280786663293839,-0.08347909152507782,0,-0.119762122631073,0.5191460251808167,-0.8462539911270142,0,-0.03520118445158005,0.8496320843696594,0.526199996471405,0,0,12.77074146270752,0,1,0.7592116594314575,0.4814143478870392,0.4379933178424835,0,-0.3525168001651764,-0.261539101600647,0.8985149264335632,0,0.5471102595329285,-0.8365628123283386,-0.028856858611106873,0,0,7.878663063049316,0,1,0.9998760223388672,0.015743842348456383,0,0,-0.01532815769314766,0.9734770655632019,0.22827273607254028,0,0.003593942616134882,-0.22824427485466003,0.9735968708992004,0,0,11.90468978881836,0,1
K0.067,0.6577693819999695,0.05180580914020538,0.7514355182647705,0,0.028631825000047684,0.9951909780502319,-0.09367378801107407,0,-0.75267493724823,0.08313073962926865,0.6531230211257935,0,1.854284405708313,26.165786743164062,1.0805939435958862,1,0.9998559355735779,-0.01441884320229292,-0.008953881449997425,0,0.016246136277914047,0.9657468795776367,0.25897637009620667,0,0.00491304462775588,-0.259084552526474,0.9658421277999878,0,0,8.79913330078125,1.6226550340652466,1,0.9996770024299622,-0.006117300596088171,-0.02465294487774372,0,0.009923677891492844,0.9874890446662903,0.1573728621006012,0,0.023381846025586128,-0.1575668752193451,0.9872320890426636,0,0,10.438746452331543,0,1,0.999692976474762,-0.006015887949615717,-0.0240260511636734,0,0.009727093391120434,0.9874749779701233,0.1574777215719223,0,0.022777747362852097,-0.1576630026102066,0.9872300028800964,0,0,11.9299955368042,0,1,0.99310702085495,-0.09761475026607513,-0.06488053500652313,0,0.08521422743797302,0.9813759326934814,-0.17216123640537262,0,0.08047772198915482,0.16544589400291443,0.982930064201355,0,0,13.421246528625488,-0.0000019999999949504854,1,0.9147947430610657,-0.2317102700471878,-0.3308495283126831,0,0.1935707926750183,0.9704021215438843,-0.1443997621536255,0,0.35451579093933105,0.06805330514907837,0.9325706958770752,0,0,25.439292907714844,12.801201820373535,1,0.048467691987752914,0.024104250594973564,-0.9985339641571045,0,0.9680337905883789,-0.24744467437267303,0.04101400822401047,0,-0.24609318375587463,-0.9686019420623779,-0.0353267602622509,0,5.906147003173828,10.465089797973633,0.6422150135040283,1,0.2890321910381317,-0.3027648329734802,0.9081816673278809,0,-0.5093142986297607,0.7546373605728149,0.41366812586784363,0,-0.8105915784835815,-0.5821130275726318,0.06391202658414841,0,0,13.276083946228027,0,1,-0.11782072484493256,0.9331018924713135,0.3397631347179413,0,-0.9336708784103394,-0.22061610221862793,0.2821127474308014,0,0.33819714188575745,-0.28398823738098145,0.8972032070159912,0,0,21.064205169677734,0,1,0.9685560464859009,0.0010721434373408556,0.24879376590251923,0,0.005032142158597708,0.999701976776123,-0.023898249492049217,0,-0.24874524772167206,0.02439875900745392,0.9682619571685791,0,0,18.91700553894043,0,1,0.6257898211479187,0.0849912092089653,-0.7753470540046692,0,0.07765021175146103,0.9823189973831177,0.1703510582447052,0,0.7761169672012329,-0.16680994629859924,0.6081260442733765,0,0,1.1143349409103394,0,1,0.9742409586906433,0.22106896340847015,0.04453391581773758,0,-0.2223699986934662,0.9089170098304749,0.3527340888977051,0,0.03750091791152954,-0.35355091094970703,0.9346629977226257,0,0,1.6725499629974365,0,1,0.9739258885383606,-0.22549419105052948,0.024913998320698738,0,0.22408878803253174,0.9733150601387024,0.049410633742809296,0,-0.03539099916815758,-0.04253937304019928,0.9984679818153381,0,0.3344370126724243,2.2891499996185303,-0.4589270055294037,1,-0.0798305869102478,-0.007976053282618523,0.9967759847640991,0,-0.9717878103256226,-0.22201746702194214,-0.07960589975118637,0,0.22193671762943268,-0.9750100374221802,0.00997279491275549,0,-5.906147003173828,10.430466651916504,0.4544619917869568,1,0.3399434983730316,-0.49914541840553284,-0.7970520853996277,0,0.9376750588417053,0.24490660429000854,0.24654921889305115,0,0.0721394270658493,-0.8311886191368103,0.5512905716896057,0,0,13.276083946228027,0,1,-0.02325824648141861,-0.9261831045150757,-0.37635567784309387,0,0.9266989231109619,-0.1612149477005005,0.33946919441223145,0,-0.37508469820022583,-0.3408728539943695,0.8620421886444092,0,0,21.18159294128418,0,1,-0.28025493025779724,0.0027840284164994955,0.9599220752716064,0,0.3935219645500183,0.9124370217323303,0.11224475502967834,0,-0.8755560517311096,0.40920764207839966,-0.25681057572364807,0,0,18.986501693725586,0,1,0.993575930595398,-0.11114723235368729,0.021298840641975403,0,0.11081879585981369,0.993710994720459,0.016026128083467484,0,-0.022946162149310112,-0.01356287021189928,0.999644935131073,0,0,1.640491008758545,0,1,0.9925680160522461,0.11982078850269318,-0.021271375939249992,0,-0.12168020755052567,0.9745269417762756,-0.1883889138698578,0,-0.0018433778313919902,0.18957708775997162,0.9818639159202576,0,0,1.5764230489730835,0,1,0.9401369690895081,-0.3339199721813202,-0.06811308860778809,0,0.33672600984573364,0.9409639239311218,0.03467617556452751,0,0.052512913942337036,-0.055535830557346344,0.9970750212669373,0,0.5096039772033691,2.1182711124420166,0.4482240080833435,1,-0.8779692053794861,-0.4006129205226898,0.2620701193809509,0,0.4656403064727783,-0.8417358994483948,0.27323809266090393,0,0.11113104224205017,0.36192482709884644,0.9255590438842773,0,8.650915145874023,-4.8871169090271,0.24506500363349915,1,0.989983856678009,0.0990382581949234,0.10061245411634445,0,0.019213635474443436,0.6115139126777649,-0.7910000681877136,0,-0.1398652344942093,0.7850107550621033,0.6034862399101257,0,0,12.695605278015137,0,1,0.8511641621589661,0.3455216884613037,-0.3951388895511627,0,0.448169082403183,-0.08650441467761993,0.8897539377212524,0,0.2732478082180023,-0.9344149827957153,-0.22848141193389893,0,0,7.194169044494629,0,1,0.9849470853805542,0.17285586893558502,0,0,-0.17047211527824402,0.9713639616966248,0.16550615429878235,0,0.028608359396457672,-0.16301484405994415,0.9862090349197388,0,0,11.890504837036133,0,1,-0.6866679787635803,0.6545689105987549,-0.3162687420845032,0,-0.7007036209106445,-0.7118303179740906,0.0480879507958889,0,-0.19365280866622925,0.2546311020851135,0.9474499821662903,0,-8.650915145874023,-4.8871169090271,-0.03167000040411949,1,0.9922890663146973,0.09548386931419373,-0.07902161031961441,0,-0.11733213067054749,0.518257200717926,-0.8471377491950989,0,-0.039934515953063965,0.8498781323432922,0.5254648327827454,0,0,12.77074146270752,0,1,0.747398316860199,0.48213931918144226,0.4570962190628052,0,-0.35497045516967773,-0.29177966713905334,0.8881779909133911,0,0.5615972280502319,-0.8260788917541504,-0.0469304621219635,0,0,7.878663063049316,0,1,0.9998760223388672,0.01574484445154667,0,0,-0.015329157002270222,0.9734770655632019,0.2282727211713791,0,0.003594058332964778,-0.22824425995349884,0.9735968708992004,0,0,11.90468978881836,0,1
K0.100,0.63917475938797,0.059337034821510315,0.7667692303657532,0,0.06353408843278885,0.9895370602607727,-0.12953779101371765,0,-0.7664328813552856,0.13151325285434723,0.6287171244621277,0,1.6876697540283203,26.043685913085938,1.1322671175003052,1,0.9995869398117065,-0.0230881217867136,-0.017121192067861557,0,0.026728902012109756,0.9657111763954163,0.25824153423309326,0,0.010571809485554695,-0.2585923969745636,0.9659289121627808,0,0,8.79913330078125,1.6226550340652466,1,0.9992929697036743,-0.013342021964490414,-0.0351569838821888,0,0.018674001097679138,0.9875809550285339,0.15599942207336426,0,0.03263899311423302,-0.1565455198287964,0.9871310591697693,0,0,10.438746452331543,0,1,0.9993259906768799,-0.013189888559281826,-0.03424594923853874,0,0.018388131633400917,0.9875500798225403,0.15622466802597046,0,0.03175903856754303,-0.15674926340579987,0.9871280193328857,0,0,11.9299955368042,0,1,0.9943190217018127,-0.08685237169265747,-0.06153509020805359,0,0.08040859550237656,0.991690993309021,-0.10041309893131256,0,0.06974491477012634,0.09489470720291138,0.9930409789085388,0,0,13.421246528625488,-0.0000019999999949504854,1,0.9310780763626099,-0.18492402136325836,-0.31447887420654297,0,0.16645288467407227,0.9823909401893616,-0.08486120402812958,0,0.3246341347694397,0.026666490361094475,0.9454639554023743,0,0,25.439292907714844,12.801201820373535,1,0.048820458352565765,0.024175794795155525,-0.9985148906707764,0,0.9686111807823181,-0.2451063096523285,0.041423868387937546,0,-0.24374091625213623,-0.9691950678825378,-0.035383086651563644,0,5.906147003173828,10.465089797973633,0.6422150135040283,1,0.3224979639053345,-0.28082770109176636,0.9039531946182251,0,-0.5535125136375427,0.7187382578849792,0.4207610487937927,0,-0.7678670883178711,-0.6360439658164978,0.07634995877742767,0,0,13.276083946228027,0,1,-0.1145082414150238,0.9338778853416443,0.33876219391822815,0,-0.934447169303894,-0.21699866652488708,0.28234657645225525,0,0.3371882140636444,-0.28422439098358154,0.8975077867507935,0,0,21.064205169677734,0,1,0.9699029326438904,0.0024939808063209057,0.24347907304763794,0,0.0038739796727895737,0.9996630549430847,-0.025671713054180145,0,-0.24346093833446503,0.025842290371656418,0.9695659875869751,0,0,18.91700553894043,0,1,0.6257898211479187,0.0849912092089653,-0.7753470540046692,0,0.07765021175146103,0.9823189973831177,0.1703510582447052,0,0.7761169672012329,-0.16680994629859924,0.6081260442733765,0,0,1.1143349409103394,0,1,0.9742409586906433,0.22106897830963135,0.044533852487802505,0,-0.2223699986934662,0.9089171886444092,0.35273364186286926,0,0.03750085458159447,-0.35355034470558167,0.9346628785133362,0,0,1.6725499629974365,0,1,0.9739258885383606,-0.2254941761493683,0.024913940578699112,0,0.22408877313137054,0.9733150601387024,0.04941112920641899,0,-0.035391055047512054,-0.042539868503808975,0.9984679818153381,0,0.3344370126724243,2.2891499996185303,-0.4589270055294037,1,-0.018409140408039093,-0.01374413538724184,0.9997360110282898,0,-0.9713200330734253,-0.23683489859104156,-0.021141812205314636,0,0.2370629906654358,-0.971453070640564,-0.008990064263343811,0,-5.906147003173828,10.430466651916504,0.4544619917869568,1,0.38074609637260437,-0.45520198345184326,-0.8048750162124634,0,0.918304979801178,0.2881752848625183,0.271424800157547,0,0.10839191824197769,-0.84246426820755,0.5277355909347534,0,0,13.276083946228027,0,1,0.04278971627354622,-0.9349608421325684,-0.3521614372730255,0,0.9354809522628784,-0.08626269549131393,0.3426871597766876,0,-0.35077744722366333,-0.34410375356674194,0.8709468841552734,0,0,21.18159294128418,0,1,-0.26837319135665894,-0.02283228002488613,0.9630439281463623,0,0.3863058090209961,0.9132621884346008,0.12930454313755035,0,-0.8824642896652222,0.4067314863204956,-0.23627494275569916,0,0,18.986501693725586,0,1,0.993575930595398,-0.11114723235368729,0.021298840641975403,0,0.11081879585981369,0.993710994720459,0.016026128083467484,0,-0.022946162149310112,-0.01356287021189928,0.999644935131073,0,0,1.640491008758545,0,1,0.9925681352615356,0.11982075124979019,-0.021271878853440285,0,-0.12168025225400925,0.9745269417762756,-0.1883888840675354,0,-0.0018428772455081344,0.189577117562294,0.9818639159202576,0,0,1.5764230489730835,0,1,0.9401369690895081,-0.3339199721813202,-0.06811308860778809,0,0.33672600984573364,0.9409639239311218,0.03467617556452751,0,0.052512913942337036,-0.055535830557346344,0.9970750212669373,0,0.5096039772033691,2.1182711124420166,0.4482240080833435,1,-0.869295060634613,-0.4198988378047943,0.26078927516937256,0,0.47210922837257385,-0.8616029620170593,0.18641917407512665,0,0.14641977846622467,0.28517457842826843,0.9472261667251587,0,8.650915145874023,-4.8871169090271,0.24506500363349915,1,0.9907709956169128,0.09847503900527954,0.09313899278640747,0,0.013767922297120094,0.6104798913002014,-0.7919120788574219,0,-0.13484306633472443,0.7858859300613403,0.6034900546073914,0,0,12.695605278015137,0,1,0.8582297563552856,0.3398193418979645,-0.38466209173202515,0,0.445891410112381,-0.12243989109992981,0.8866738080978394,0,0.25421079993247986,-0.9324870109558105,-0.25660398602485657,0,0,7.194169044494629,0,1,0.9849470853805542,0.17285582423210144,0,0,-0.1704721599817276,0.9713640213012695,0.16550512611865997,0,0.028607772663235664,-0.16301389038562775,0.9862090349197388,0,0,11.890504837036133,0,1,-0.6793460249900818,0.6750330328941345,-0.2877839505672455,0,-0.7102468609809875,-0.7034510374069214,0.02658507414162159,0,-0.1844959557056427,0.22245794534683228,0.9573259949684143,0,-8.650915145874023,-4.8871169090271,-0.03167000040411949,1,0.9926589727401733,0.10916811972856522,-0.05205782502889633,0,-0.10016988217830658,0.500883162021637,-0.8596989512443542,0,-0.0677768737077713,0.8586031198501587,0.5081418752670288,0,0,12.77074146270752,0,1,0.7477259039878845,0.4683416187763214,0.4707035720348358,0,-0.35798710584640503,-0.3127043545246124,0.8798078298568726,0,0.559241533279419,-0.8263605833053589,-0.06615683436393738,0,0,7.878663063049316,0,1,0.9998759627342224,0.015744350850582123,0,0,-0.015328649431467056,0.9734759330749512,0.22827310860157013,0,0.003594006644561887,-0.22824488580226898,0.97359699010849,0,0,11.90468978881836,0,1
K0.133,0.5601195096969604,0.04883622005581856,0.8269709348678589,0,0.11918945610523224,0.9831240773200989,-0.13878647983074188,0,-0.8197930455207825,0.17630328238010406,0.5448462963104248,0,1.3408128023147583,25.926191329956055,1.3408368825912476,1,0.9990459680557251,-0.037936754524707794,-0.021636998280882835,0,0.04200461134314537,0.9703019857406616,0.23822292685508728,0,0.011957009322941303,-0.23890435695648193,0.9709691405296326,0,0,8.79913330078125,1.6226550340652466,1,0.9991610050201416,-0.02930501289665699,-0.028612611815333366,0,0.032446328550577164,0.9926800727844238,0.11633343249559402,0,0.0249940175563097,-0.11716420948505402,0.9927980899810791,0,0,10.438746452331543,0,1,0.9991940855979919,-0.02914736606180668,-0.02761547826230526,0,0.03217997029423714,0.9926541447639465,0.11662954092025757,0,0.024013150483369827,-0.11742408573627472,0.9927910566329956,0,0,11.9299955368042,0,1,0.9953510165214539,-0.06616412848234177,-0.0699869841337204,0,0.06708269566297531,0.9976879954338074,0.010854513384401798,0,0.0691070482134819,-0.015498977154493332,0.9974889755249023,0,0,13.421246528625488,-0.0000019999999949504854,1,0.9333980083465576,-0.0774121955037117,-0.3503941297531128,0,0.1276143342256546,0.984229564666748,0.12250087410211563,0,0.3353850245475769,-0.15905730426311493,0.9285563230514526,0,0,25.439292907714844,12.801201820373535,1,0.03685737028717995,0.02289515919983387,-0.9990581274032593,0,0.9679828882217407,-0.2492169439792633,0.02999977208673954,0,-0.24829533696174622,-0.9681770205497742,-0.03134769946336746,0,5.906147003173828,10.465089797973633,0.6422150135040283,1,0.3920902907848358,-0.34433040022850037,0.853053867816925,0,-0.4452541470527649,0.7404178380966187,0.5035182237625122,0,-0.8049934506416321,-0.5772507786750793,0.13699617981910706,0,0,13.276083946228027,0,1,-0.16193392872810364,0.9214684963226318,0.3530922532081604,0,-0.9220305681228638,-0.2687854766845703,0.2785938084125519,0,0.35162124037742615,-0.2804478406906128,0.8931469917297363,0,0,21.064205169677734,0,1,0.9704170227050781,0.0035869264975190163,0.24140924215316772,0,0.0031221071258187294,0.9996200799942017,-0.027402883395552635,0,-0.24141548573970795,0.027345893904566765,0.9700358510017395,0,0,18.91700553894043,0,1,0.6257898211479187,0.08499071002006531,-0.775347113609314,0,0.07765071094036102,0.9823190569877625,0.1703508347272873,0,0.7761169075965881,-0.16681016981601715,0.6081260442733765,0,0,1.1143349409103394,0,1,0.9742409586906433,0.22106896340847015,0.04453391581773758,0,-0.2223699986934662,0.9089170098304749,0.3527340888977051,0,0.03750091791152954,-0.35355091094970703,0.9346629977226257,0,0,1.6725499629974365,0,1,0.9739258885383606,-0.2254941761493683,0.024913940578699112,0,0.22408877313137054,0.9733150601387024,0.04941112920641899,0,-0.035391055047512054,-0.042539868503808975,0.9984679818153381,0,0.3344370126724243,2.2891499996185303,-0.4589270055294037,1,0.05528121814131737,-0.018991123884916306,0.9982900619506836,0,-0.9622011184692383,-0.26804468035697937,0.0481836274266243,0,0.2666711211204529,-0.9632189869880676,-0.033091168850660324,0,-5.906147003173828,10.430466651916504,0.4544619917869568,1,0.4830401837825775,-0.42441752552986145,-0.765860915184021,0,0.8713493347167969,0.3190687596797943,0.37275487184524536,0,0.08615847676992416,-0.8473869562149048,0.5239382982254028,0,0,13.276083946228027,0,1,0.08712856471538544,-0.9378520250320435,-0.33591896295547485,0,0.9383739233016968,-0.03594554215669632,0.3437459468841553,0,-0.33445796370506287,-0.34516802430152893,0.876924991607666,0,0,21.18159294128418,0,1,-0.35226961970329285,-0.06550416350364685,0.9336032271385193,0,0.31420204043388367,0.9313734173774719,0.1839032769203186,0,-0.8815796375274658,0.3581236004829407,-0.3075129985809326,0,0,18.986501693725586,0,1,0.993575930595398,-0.11114723235368729,0.021298840641975403,0,0.11081879585981369,0.993710994720459,0.016026128083467484,0,-0.022946162149310112,-0.01356287021189928,0.999644935131073,0,0,1.640491008758545,0,1,0.9925681352615356,0.11982075124979019,-0.021271878853440285,0,-0.12168025225400925,0.9745269417762756,-0.1883888840675354,0,-0.0018428772455081344,0.189577117562294,0.9818639159202576,0,0,1.5764230489730835,0,1,0.9401369690895081,-0.3339199721813202,-0.06811308860778809,0,0.33672600984573364,0.9409639239311218,0.03467617556452751,0,0.052512913942337036,-0.055535830557346344,0.9970750212669373,0,0.5096039772033691,2.1182711124420166,0.4482240080833435,1,-0.85233074426651,-0.4639309048652649,0.24145399034023285,0,0.4824751019477844,-0.8756673336029053,0.020621851086616516,0,0.20186620950698853,0.13407215476036072,0.9701929092407227,0,8.650915145874023,-4.8871169090271,0.24506500363349915,1,0.9763113856315613,0.19298388063907623,0.09784552454948425,0,-0.04351968690752983,0.6181142330169678,-0.7848831415176392,0,-0.21194937825202942,0.7620317339897156,0.6118701696395874,0,0,12.695605278015137,0,1,0.8883557319641113,0.24722769856452942,-0.386913001537323,0,0.4404872953891754,-0.22104409337043762,0.8701211214065552,0,0.12959323823451996,-0.9434075355529785,-0.30526649951934814,0,0,7.194169044494629,0,1,0.9849470853805542,0.17285695672035217,0,0,-0.17047306895256042,0.9713630676269531,0.16550563275814056,0,0.0286084096878767,-0.16301439702510834,0.986208975315094,0,0,11.890504837036133,0,1,-0.721644401550293,0.655835747718811,-0.22160451114177704,0,-0.6835326552391052,-0.7257293462753296,0.07810430228710175,0,-0.10960134118795395,0.2078375667333603,0.9720040559768677,0,-8.650915145874023,-4.8871169090271,-0.03167000040411949,1,0.9927090406417847,0.11916864663362503,-0.018106460571289062,0,-0.07368811219930649,0.48111554980278015,-0.8735541701316833,0,-0.09538903087377548,0.8685198426246643,0.4863893687725067,0,0,12.77074146270752,0,1,0.7588963508605957,0.45184680819511414,0.4689456522464752,0,-0.3560451865196228,-0.31505560874938965,0.8797570466995239,0,0.5452594757080078,-0.8346104025840759,-0.07821665704250336,0,0,7.878663063049316,0,1,0.9998760223388672,0.015743842348456383,0,0,-0.01532815769314766,0.9734770655632019,0.22827273607254028,0,0.003593942616134882,-0.22824427485466003,0.9735968708992004,0,0,11.90468978881836,0,1
