6.900,30,206,41
B0,mixamorig_Hips,-1,0.9991409182548523,-0.02630716934800148,0.032028183341026306,0,0.027401817962527275,0.9990379810333252,-0.03423288092017174,0,-0.031096816062927246,0.03508111834526062,0.9989010095596313,0,-0.0007239999831654131,0.7827730178833008,-0.014094999991357327,1
B1,mixamorig_Spine,0,0.9998959898948669,0.014305882155895233,0.0015870583010837436,0,-0.014325116761028767,0.9998149275779724,0.012849299237132072,0,-0.0014029443264007568,-0.012870699167251587,0.9999160170555115,0,0,0.1327120065689087,0.0014430000446736813,1
B2,mixamorig_Spine1,1,0.9997340440750122,0.02291908860206604,0.0027500668074935675,0,-0.022928908467292786,0.9997310042381287,0.0035949498414993286,0,-0.0026669325307011604,-0.003657047636806965,0.9999899864196777,0,0,0.15484000742435455,0,1
B3,mixamorig_Spine2,2,0.9997339844703674,0.022919077426195145,0.0027609963435679674,0,-0.02292891964316368,0.9997310042381287,0.0035888252314180136,0,-0.002677999436855316,-0.0036511749494820833,0.9999899864196777,0,0,0.17696000635623932,0,1
B4,mixamorig_Neck,3,0.9999780654907227,0.002049173228442669,-0.0063181789591908455,0,-0.0021198242902755737,0.99993497133255,-0.011195927858352661,0,0.006294822786003351,0.011209070682525635,0.9999169707298279,0,0,0.19908000528812408,0,1
B5,mixamorig_Head,4,0.999413013458252,-0.0050917440094053745,-0.03386611491441727,0,-0.0005747211398556828,0.9862531423568726,-0.16524280607700348,0,0.0342419259250164,0.16516521573066711,0.9856709241867065,0,0,0.05678899958729744,0.008674999698996544,1
B6,mixamorig_HeadTop_End,5,1,0,0,0,0,1,0,0,0,0,1,0,0,0.3051069974899292,0.04660699889063835,1
B7,mixamorig_LeftShoulder,3,-0.08494513481855392,0.0077232904732227325,-0.9963560104370117,0,0.9703580141067505,-0.22642484307289124,-0.08448381721973419,0,-0.22625212371349335,-0.973997950553894,0.01173934992402792,0,0.069862000644207,0.17641699314117432,0.0006750000175088644,1
B8,mixamorig_LeftArm,7,0.7927749156951904,0.5529019832611084,-0.2565310597419739,0,-0.038525957614183426,0.46549081802368164,0.8842141032218933,0,0.6082959175109863,-0.6910989284515381,0.39033010601997375,0,0,0.14940999448299408,0,1
B9,mixamorig_LeftForeArm,8,0.9249591827392578,0.38005656003952026,-0.00272698444314301,0,-0.3800664246082306,0.9249328970909119,-0.007012907415628433,0,-0.00014302355702966452,0.007523088250309229,0.9999719262123108,0,0,0.2703000009059906,0,1
B10,mixamorig_LeftHand,9,0.988955020904541,-0.11925476044416428,0.08801832795143127,0,0.10088527202606201,0.9766429662704468,0.18971417844295502,0,-0.10858669877052307,-0.17873886227607727,0.9778860807418823,0,0,0.2722789943218231,0,1
B11,mixamorig_LeftHandThumb1,10,0.923926055431366,0.37811991572380066,-0.058185867965221405,0,-0.35450106859207153,0.9033600091934204,0.24139226973056793,0,0.1438380479812622,-0.20240171253681183,0.968682050704956,0,-0.02849300019443035,0.031202999874949455,0,1
B12,mixamorig_LeftHandThumb2,11,0.8322950005531311,-0.5524449348449707,0.04571021348237991,0,0.4888991117477417,0.7704160213470459,0.4091898500919342,0,-0.2612709403038025,-0.31821921467781067,0.9113039970397949,0,-0.005913999862968922,0.03328299894928932,0,1
B13,mixamorig_LeftHandThumb3,12,0.9803780317306519,-0.15108893811702728,0.12661288678646088,0,0.1233690083026886,0.9712259769439697,0.2037172168493271,0,-0.15374910831451416,-0.18409974873065948,0.9708080291748047,0,0.00011000000085914508,0.026717999950051308,0,1
B14,mixamorig_LeftHandThumb4,13,1,0,0,0,0,1,0,0,0,0,1,0,0.005803999956697226,0.018717000260949135,0,1
B15,mixamorig_LeftHandIndex1,10,0.9612740874290466,0.23896092176437378,0.13729389011859894,0,-0.272503137588501,0.7497520446777344,0.6030039191246033,0,0.04115799441933632,-0.6170650720596313,0.7858349084854126,0,0,0.07073699682950974,0.0002589999930933118,1
B16,mixamorig_LeftHandIndex2,15,0.9992949366569519,-0.0367659293115139,-0.007654670625925064,0,0.03691018745303154,0.923945963382721,0.3807390630245209,0,-0.006925719324499369,-0.38075295090675354,0.924651026725769,0,0.0020639998838305473,0.041429001837968826,0,1
B17,mixamorig_LeftHandIndex3,16,0.996929943561554,0.07817831635475159,-0.004297321196645498,0,-0.07817866653203964,0.9969390034675598,0.00008311920828418806,0,0.00429066875949502,0.0002530950296204537,0.9999909996986389,0,-0.002319999970495701,0.03904300183057785,0,1
B18,mixamorig_LeftHandIndex4,17,1,0,0,0,0,1,0,0,0,0,1,0,0.00025599999935366213,0.015521000139415264,0,1
B19,mixamorig_RightShoulder,3,-0.077835313975811,-0.012290144339203835,0.9968899488449097,0,-0.9511148929595947,-0.29883915185928345,-0.0779455378651619,0,0.298867791891098,-0.9542240500450134,0.011570937931537628,0,-0.069862000644207,0.17640699446201324,-0.00018200000340584666,1
B20,mixamorig_RightArm,19,0.8984059691429138,-0.4025162160396576,0.1756369173526764,0,0.08335281908512115,0.5489471554756165,0.8316899538040161,0,-0.4311838746070862,-0.732555091381073,0.5267280340194702,0,0,0.14940999448299408,0,1
B21,mixamorig_RightForeArm,20,0.9379789233207703,-0.3466842472553253,0.002506921999156475,0,0.34668970108032227,0.9379770755767822,-0.0022940970957279205,0,-0.0015561069594696164,0.003020936856046319,0.9999939799308777,0,0,0.2703149914741516,0,1
B22,mixamorig_RightHand,21,0.9563791155815125,-0.06355707347393036,0.2851327657699585,0,0.039060045033693314,0.995103120803833,0.0907985046505928,0,-0.2895072400569916,-0.07570046186447144,0.9541779160499573,0,0,0.27237099409103394,0,1
B23,mixamorig_RightHandThumb1,22,0.9395638704299927,-0.3341291546821594,-0.07468213886022568,0,0.3407288193702698,0.9338889718055725,0.1084190085530281,0,0.03351888433098793,-0.12731295824050903,0.9912959933280945,0,0.026701999828219414,0.03265500068664551,0,1
B24,mixamorig_RightHandThumb2,23,0.8817360401153564,0.46445587277412415,0.08259423077106476,0,-0.4703560173511505,0.8521490097045898,0.22936488687992096,0,0.036147262901067734,-0.24108795821666718,0.9698299765586853,0,0.0064690001308918,0.03311999887228012,0,1
B25,mixamorig_RightHandThumb3,24,0.76457679271698,-0.6392050981521606,0.08269920200109482,0,0.6444658041000366,0.7600261569023132,-0.08380994945764542,0,-0.009281807579100132,0.1173759400844574,0.9930440783500671,0,0.0023980000987648964,0.027009999379515648,0,1
B26,mixamorig_RightHandThumb4,25,1,0,0,0,0,1,0,0,0,0,1,0,-0.008867999538779259,0.01652899943292141,0,1
B27,mixamorig_RightHandIndex1,22,0.9470121264457703,-0.2676740288734436,-0.1775377094745636,0,0.3174471855163574,0.6957440376281738,0.6443347930908203,0,-0.04895084351301193,-0.6665512323379517,0.7438498735427856,0,0,0.061167001724243164,0.001075000036507845,1
B28,mixamorig_RightHandIndex2,27,0.9848019480705261,-0.16880305111408234,-0.0408700592815876,0,0.16854090988636017,0.8720030188560486,0.4595699906349182,0,-0.041938021779060364,-0.45947396755218506,0.8872010111808777,0,0.0012580000329762697,0.043793000280857086,0,1
B29,mixamorig_RightHandIndex3,28,0.999983012676239,0.005894063971936703,-0.00007633338100276887,0,-0.0058799549005925655,0.9983329176902771,0.05742373317480087,0,0.0004146650026086718,-0.05742226913571358,0.9983500242233276,0,-0.00101200002245605,0.03587700054049492,0,1
B30,mixamorig_RightHandIndex4,29,1,0,0,0,0,1,0,0,0,0,1,0,-0.0002460000105202198,0.026379000395536423,0,1
B31,mixamorig_LeftUpLeg,0,-0.9413571357727051,-0.1870051473379135,0.2808479368686676,0,0.21250785887241364,-0.9751271605491638,0.06299492716789246,0,0.2620820999145508,0.11898314207792282,0.9576830267906189,0,0.09093800187110901,-0.07378999888896942,0.026993999257683754,1
B32,mixamorig_LeftLeg,31,0.9914810061454773,0.10576575994491577,0.07601501047611237,0,-0.05505018308758736,0.869209885597229,-0.4913691580295563,0,-0.11804310977458954,0.4829988479614258,0.8676280379295349,0,0,0.40217500925064087,0,1
B33,mixamorig_LeftFoot,32,0.9508170485496521,-0.10397601127624512,-0.2917819917201996,0,0.3049570918083191,0.14907896518707275,0.9406260848045349,0,-0.054303981363773346,-0.9833439588546753,0.17345499992370605,0,0,0.2589139938354492,0,1
B34,mixamorig_LeftToeBase,33,0.9789620041847229,3.797195802235365e-8,-0.20404325425624847,0,0.10666393488645554,0.8524848818778992,0.5117541551589966,0,0.17394377291202545,-0.5227518081665039,0.834550142288208,0,0,0.14509999752044678,0,1
B35,mixamorig_LeftToe_End,34,1,0,0,0,0,1,0,0,0,0,1,0,0,0.06921099871397018,0,1
B36,mixamorig_RightUpLeg,0,-0.9644729495048523,0.10481280088424683,-0.24250125885009766,0,-0.1280381977558136,-0.988369882106781,0.0820431336760521,0,-0.2310817688703537,0.11017780005931854,0.9666760563850403,0,-0.09093800187110901,-0.07378999888896942,0.028398999944329262,1
B37,mixamorig_RightLeg,36,0.9888219237327576,-0.09779784083366394,-0.1125422790646553,0,0.030477255582809448,0.8714638948440552,-0.4895111918449402,0,0.1459498107433319,0.4806099236011505,0.8647040724754333,0,0,0.4023919999599457,0,1
B38,mixamorig_RightFoot,37,0.9588630795478821,0.06398496776819229,0.2765637934207916,0,-0.2835271954536438,0.16806814074516296,0.9441219568252563,0,0.013928037136793137,-0.9836969971656799,0.17929580807685852,0,0,0.2589719891548157,0,1
B39,mixamorig_RightToeBase,38,0.9777759313583374,-1.2901141133170313e-7,0.2096533328294754,0,-0.1095699593424797,0.8525629043579102,0.5110101103782654,0,-0.1787426769733429,-0.5226248502731323,0.8336151838302612,0,0,0.14532600343227386,0,1
B40,mixamorig_RightToe_End,39,1,0,0,0,0,1,0,0,0,0,1,0,0,0.06869500130414963,0,1
@34,0,1,2,3,4,5,7,8,9,10,11,12,13,15,16,17,19,20,21,22,23,24,25,27,28,29,31,32,33,34,36,37,38,39
K0,0.9991409182548523,-0.026307174935936928,0.032028183341026306,0,0.027401823550462723,0.9990379810333252,-0.03423288092017174,0,-0.031096816062927246,0.03508111834526062,0.9989010095596313,0,-0.0007239999831654131,0.7827730178833008,-0.014094999991357327,1,0.9998959898948669,0.014305883087217808,0.0015870570205152035,0,-0.014325117692351341,0.9998149275779724,0.012849300168454647,0,-0.001402942929416895,-0.012870700098574162,0.9999160170555115,0,0,0.1327120065689087,0.0014430000446736813,1,0.9997340440750122,0.02291909046471119,0.0027500672731548548,0,-0.022928910329937935,0.9997310042381287,0.003594951005652547,0,-0.0026669329963624477,-0.003657048800960183,0.9999899864196777,0,0,0.15484000742435455,0,1,0.9997339844703674,0.022919079288840294,0.0027609984390437603,0,-0.02292892150580883,0.9997310042381287,0.0035888254642486572,0,-0.002678001532331109,-0.003651175182312727,0.9999899864196777,0,0,0.17696000635623932,0,1,0.9999780654907227,0.002049174392595887,-0.006318178027868271,0,-0.002119825454428792,0.99993497133255,-0.011195927858352661,0,0.006294821854680777,0.011209070682525635,0.9999169707298279,0,0,0.19908000528812408,0,1,0.999413013458252,-0.005091730505228043,-0.033866092562675476,0,-0.0005747309187427163,0.9862531423568726,-0.16524280607700348,0,0.03424190357327461,0.16516521573066711,0.9856709241867065,0,0,0.05678899958729744,0.008674999698996544,1,-0.08494502305984497,0.007723258808255196,-0.9963560700416565,0,0.97035813331604,-0.226424440741539,-0.08448370546102524,0,-0.2262517213821411,-0.9739980697631836,0.01173931173980236,0,0.069862000644207,0.17641699314117432,0.0006750000175088644,1,0.7927749156951904,0.5529019832611084,-0.25653108954429626,0,-0.03852599486708641,0.4654908776283264,0.8842141032218933,0,0.6082959175109863,-0.6910989284515381,0.39033016562461853,0,0,0.14940999448299408,0,1,0.9249591827392578,0.38005656003952026,-0.0027270044665783644,0,-0.3800664246082306,0.9249328970909119,-0.007012905552983284,0,-0.00014300458133220673,0.007523094769567251,0.9999719262123108,0,0,0.2703000009059906,0,1,0.988955020904541,-0.11925473809242249,0.08801832050085068,0,0.10088524967432022,0.9766429662704468,0.18971414864063263,0,-0.10858667641878128,-0.17873884737491608,0.9778860807418823,0,0,0.2722789943218231,0,1,0.923926055431366,0.37811997532844543,-0.05818589776754379,0,-0.3545011281967163,0.9033599495887756,0.24139228463172913,0,0.1438380926847458,-0.20240171253681183,0.968682050704956,0,-0.02849300019443035,0.031202999874949455,0,1,0.8322950601577759,-0.5524448752403259,0.045710161328315735,0,0.4888990819454193,0.7704160809516907,0.40918979048728943,0,-0.2612708508968353,-0.31821921467781067,0.9113039970397949,0,-0.005913999862968922,0.03328299894928932,0,1,0.9803780317306519,-0.15108896791934967,0.12661288678646088,0,0.12336903810501099,0.9712259769439697,0.20371724665164948,0,-0.15374912321567535,-0.18409976363182068,0.9708080291748047,0,0.00011000000085914508,0.026717999950051308,0,1,0.9612740874290466,0.2389608770608902,0.13729393482208252,0,-0.2725031077861786,0.7497521042823792,0.6030038595199585,0,0.04115793853998184,-0.6170650720596313,0.7858349084854126,0,0,0.07073699682950974,0.0002589999930933118,1,0.9992949366569519,-0.03676586598157883,-0.007654683198779821,0,0.03691013529896736,0.923945963382721,0.3807390630245209,0,-0.006925683468580246,-0.38075295090675354,0.924651026725769,0,0.0020639998838305473,0.041429001837968826,0,1,0.996929943561554,0.07817832380533218,-0.004297326318919659,0,-0.07817867398262024,0.9969390034675598,0.00008310731209348887,0,0.004290672950446606,0.00025310731143690646,0.9999909996986389,0,-0.002319999970495701,0.03904300183057785,0,1,-0.07783515006303787,-0.012290467508137226,0.9968900084495544,0,-0.9511150121688843,-0.29883885383605957,-0.07794547826051712,0,0.29886752367019653,-0.9542241096496582,0.01157054491341114,0,-0.069862000644207,0.17640699446201324,-0.00018200000340584666,1,0.898405909538269,-0.40251627564430237,0.17563705146312714,0,0.08335275202989578,0.5489471554756165,0.8316900134086609,0,-0.43118399381637573,-0.7325550317764282,0.5267279744148254,0,0,0.14940999448299408,0,1,0.9379789233207703,-0.3466842770576477,0.002506904536858201,0,0.34668973088264465,0.9379770755767822,-0.002294082660228014,0,-0.0015560955507680774,0.0030209175311028957,0.9999939799308777,0,0,0.2703149914741516,0,1,0.9563791155815125,-0.06355701386928558,0.2851327657699585,0,0.03905997797846794,0.995103120803833,0.0907985121011734,0,-0.2895072400569916,-0.07570048421621323,0.9541779160499573,0,0,0.27237099409103394,0,1,0.9395638704299927,-0.3341291546821594,-0.07468213140964508,0,0.3407288193702698,0.9338889718055725,0.1084190234541893,0,0.03351886570453644,-0.12731297314167023,0.9912959933280945,0,0.026701999828219414,0.03265500068664551,0,1,0.8817359805107117,0.4644559323787689,0.08259428292512894,0,-0.4703560769557953,0.8521489500999451,0.22936496138572693,0,0.03614727407693863,-0.24108804762363434,0.9698299765586853,0,0.0064690001308918,0.03311999887228012,0,1,0.7645767331123352,-0.6392051577568054,0.08269922435283661,0,0.6444658637046814,0.7600260972976685,-0.08381000906229019,0,-0.009281780570745468,0.11737599223852158,0.9930440783500671,0,0.0023980000987648964,0.027009999379515648,0,1,0.947012186050415,-0.26767387986183167,-0.177537739276886,0,0.31744712591171265,0.6957440972328186,0.6443347930908203,0,-0.04895073175430298,-0.6665512323379517,0.7438498735427856,0,0,0.061167001724243164,0.001075000036507845,1,0.9848019480705261,-0.16880308091640472,-0.040870048105716705,0,0.16854092478752136,0.8720030188560486,0.4595699906349182,0,-0.04193804785609245,-0.45947396755218506,0.8872009515762329,0,0.0012580000329762697,0.043793000280857086,0,1,0.999983012676239,0.005894054658710957,-0.00007633445784449577,0,-0.005879945587366819,0.9983329176902771,0.05742373317480087,0,0.00041466555558145046,-0.05742226913571358,0.9983500242233276,0,-0.00101200002245605,0.03587700054049492,0,1,-0.9413571357727051,-0.1870051473379135,0.2808479368686676,0,0.21250785887241364,-0.9751271605491638,0.06299489736557007,0,0.2620820999145508,0.11898311227560043,0.9576830267906189,0,0.09093800187110901,-0.07378999888896942,0.026993999257683754,1,0.9914810061454773,0.10576577484607697,0.076014943420887,0,-0.05505022779107094,0.869209885597229,-0.4913691580295563,0,-0.11804305762052536,0.4829988479614258,0.8676280379295349,0,0,0.40217500925064087,0,1,0.9508170485496521,-0.10397596657276154,-0.2917819619178772,0,0.3049570322036743,0.14907899498939514,0.9406260848045349,0,-0.05430394038558006,-0.9833439588546753,0.17345499992370605,0,0,0.2589139938354492,0,1,0.9789620041847229,0,-0.20404325425624847,0,0.10666398704051971,0.8524848818778992,0.5117541551589966,0,0.17394374310970306,-0.5227518081665039,0.834550142288208,0,0,0.14509999752044678,0,1,-0.9644729495048523,0.10481279343366623,-0.24250125885009766,0,-0.1280381977558136,-0.988369882106781,0.08204317092895508,0,-0.2310817539691925,0.11017783731222153,0.9666760563850403,0,-0.09093800187110901,-0.07378999888896942,0.028398999944329262,1,0.9888219833374023,-0.09779777377843857,-0.11254225671291351,0,0.030477220192551613,0.8714639544487,-0.4895111322402954,0,0.14594975113868713,0.48060986399650574,0.8647041320800781,0,0,0.4023919999599457,0,1,0.9588630795478821,0.06398477405309677,0.2765638530254364,0,-0.2835271954536438,0.16806817054748535,0.9441218972206116,0,0.013927836902439594,-0.9836969971656799,0.17929577827453613,0,0,0.2589719891548157,0,1,0.9777758717536926,0,0.2096533626317978,0,-0.10957004874944687,0.8525629043579102,0.5110101103782654,0,-0.1787426471710205,-0.5226249694824219,0.8336151838302612,0,0,0.14532600343227386,0,1
K0.033,0.999116837978363,-0.02615448087453842,0.03287448361515999,0,0.027284780517220497,0.9990350008010864,-0.034417010843753815,0,-0.031942617148160934,0.035283610224723816,0.998866856098175,0,-0.0006148930406197906,0.7827793955802917,-0.01407023798674345,1,0.9998949766159058,0.014413053169846535,0.0015984771307557821,0,-0.014432412572205067,0.9998130202293396,0.0128489900380373,0,-0.0014129850314930081,-0.012870710343122482,0.9999160170555115,0,0,0.1327120065689087,0.0014430000446736813,1,0.9997310042381287,0.02304777316749096,0.0027724867686629295,0,-0.02305760607123375,0.9997280240058899,0.0035705771297216415,0,-0.002689437475055456,-0.003633541753515601,0.9999900460243225,0,0,0.15484000742435455,0,1,0.9997299909591675,0.02304774895310402,0.0027824114076793194,0,-0.02305762469768524,0.9997280240058899,0.0035644618328660727,0,-0.0026995032094419003,-0.0036276569589972496,0.9999899864196777,0,0,0.17696000635623932,0,1,0.9999780058860779,0.0015921799931675196,-0.006366002839058638,0,-0.0016578312497586012,0.9999449849128723,-0.010320798493921757,0,0.006349222734570503,0.010331128723919392,0.999925971031189,0,0,0.19908000528812408,0,1,0.9994251132011414,-0.005023451056331396,-0.03353961929678917,0,-0.0005647059297189116,0.9863670468330383,-0.16456201672554016,0,0.033909015357494354,0.16448621451854706,0.9857962727546692,0,0,0.05678899958729744,0.008674999698996544,1,-0.08515718579292297,0.007780784275382757,-0.9963371157646179,0,0.9701240658760071,-0.2273479551076889,-0.08469216525554657,0,-0.22717416286468506,-0.9737828969955444,0.0118119390681386,0,0.069862000644207,0.17641699314117432,0.0006750000175088644,1,0.7930007576942444,0.5529627203941345,-0.2557004988193512,0,-0.03924969583749771,0.4652169942855835,0.8843261003494263,0,0.6079553365707397,-0.6912347674369812,0.3906208276748657,0,0,0.14940999448299408,0,1,0.9263767600059509,0.3765895664691925,-0.002700547454878688,0,-0.37659913301467896,0.9263505339622498,-0.006949742324650288,0,-0.00011554709635674953,0.007455096114426851,0.9999719858169556,0,0,0.2703000009059906,0,1,0.9892337918281555,-0.11498940736055374,0.09052553027868271,0,0.09618896245956421,0.9770634770393372,0.18998590111732483,0,-0.11029547452926636,-0.17923277616500854,0.9776041507720947,0,0,0.2722789943218231,0,1,0.9250444769859314,0.3749851584434509,-0.06065341830253601,0,-0.3511204123497009,0.905013918876648,0.24013133347034454,0,0.14493799209594727,-0.2008356899023056,0.9688438773155212,0,-0.02849300019443035,0.031202999874949455,0,1,0.8322534561157227,-0.5525093674659729,0.04569344222545624,0,0.4889533221721649,0.7703617215156555,0.40922749042510986,0,-0.2613024115562439,-0.31823888421058655,0.9112871885299683,0,-0.005913999862968922,0.03328299894928932,0,1,0.9803560376167297,-0.15122297406196594,0.1266217678785324,0,0.12348729372024536,0.9711939096450806,0.2037983536720276,0,-0.15379329025745392,-0.18415877223014832,0.9707899689674377,0,0.00011000000085914508,0.026717999950051308,0,1,0.9612467885017395,0.23903515934944153,0.13735613226890564,0,-0.2725999057292938,0.7497282028198242,0.6029899716377258,0,0.04115603119134903,-0.6170654296875,0.7858347296714783,0,0,0.07073699682950974,0.0002589999930933118,1,0.9992889761924744,-0.03691244497895241,-0.007665663957595825,0,0.03705526143312454,0.9242356419563293,0.3800213932991028,0,-0.006942634470760822,-0.38003501296043396,0.9249457716941833,0,0.0020639998838305473,0.041429001837968826,0,1,0.9969300031661987,0.07817782461643219,-0.004297326318919659,0,-0.07817817479372025,0.9969390034675598,0.00008310624252771959,0,0.004290672950446606,0.00025310623459517956,0.9999909996986389,0,-0.002319999970495701,0.03904300183057785,0,1,-0.07783826440572739,-0.012209580279886723,0.9968909621238708,0,-0.9514657258987427,-0.2977220416069031,-0.07793780416250229,0,0.2977481484413147,-0.9545747637748718,0.011557155288755894,0,-0.069862000644207,0.17640699446201324,-0.00018200000340584666,1,0.8980001211166382,-0.4029337167739868,0.17674773931503296,0,0.08219719678163528,0.5482609868049622,0.8322580456733704,0,-0.4322488605976105,-0.7328398823738098,0.5254586338996887,0,0,0.14940999448299408,0,1,0.9373528361320496,-0.3483735918998718,0.002511142287403345,0,0.348378986120224,0.9373506903648376,-0.0023049158044159412,0,-0.0015508484793826938,0.003035347443073988,0.9999939799308777,0,0,0.2703149914741516,0,1,0.9573638439178467,-0.06327847391366959,0.28187015652656555,0,0.0399264320731163,0.9953345656394958,0.0878387838602066,0,-0.28611332178115845,-0.07283958047628403,0.9554234743118286,0,0,0.27237099409103394,0,1,0.9399153590202332,-0.33326399326324463,-0.07411752641201019,0,0.33979785442352295,0.9342253804206848,0.10844316333532333,0,0.03310230374336243,-0.127112478017807,0.9913360476493835,0,0.026701999828219414,0.03265500068664551,0,1,0.8817359805107117,0.4644559323787689,0.08259428292512894,0,-0.4703560769557953,0.8521489500999451,0.22936496138572693,0,0.03614727407693863,-0.24108804762363434,0.9698299765586853,0,0.0064690001308918,0.03311999887228012,0,1,0.7645649313926697,-0.6392180323600769,0.08270872384309769,0,0.6444795727729797,0.7600132822990417,-0.08381588757038116,0,-0.00928310863673687,0.1173868328332901,0.9930430054664612,0,0.0023980000987648964,0.027009999379515648,0,1,0.9470465183258057,-0.26756125688552856,-0.17751850187778473,0,0.3173278570175171,0.6954584717750549,0.6447018980979919,0,-0.04904051497578621,-0.6668944358825684,0.7435363531112671,0,0,0.061167001724243164,0.001075000036507845,1,0.9848030209541321,-0.16879603266716003,-0.04086603224277496,0,0.16853418946266174,0.8720186352729797,0.45954254269599915,0,-0.04193303361535072,-0.45944637060165405,0.8872148394584656,0,0.0012580000329762697,0.043793000280857086,0,1,0.9999829530715942,0.005855815019458532,-0.00007997293141670525,0,-0.005841495469212532,0.998323917388916,0.05757761374115944,0,0.000417002709582448,-0.05757616087794304,0.9983410239219666,0,-0.00101200002245605,0.03587700054049492,0,1,-0.9414591789245605,-0.18670372664928436,0.28070640563964844,0,0.2120097577571869,-0.9752741456031799,0.06238267570734024,0,0.26211878657341003,0.11824332177639008,0.9577643275260925,0,0.09093800187110901,-0.07378999888896942,0.026993999257683754,1,0.9913941025733948,0.10627516359090805,0.07644636183977127,0,-0.0553310289978981,0.8693770170211792,-0.4910413920879364,0,-0.11864622682332993,0.48258575797080994,0.8677756190299988,0,0,0.40217500925064087,0,1,0.9507940411567688,-0.10426022112369537,-0.29175466299057007,0,0.3049751818180084,0.1489981859922409,0.9406328797340393,0,-0.05459965392947197,-0.9833260774612427,0.173463374376297,0,0,0.2589139938354492,0,1,0.9789620041847229,0,-0.2040436863899231,0,0.1066637635231018,0.852483868598938,0.5117551684379578,0,0.17394430935382843,-0.5227528214454651,0.834549069404602,0,0,0.14509999752044678,0,1,-0.9643097519874573,0.10536225140094757,-0.24290934205055237,0,-0.12862487137317657,-0.9883018136024475,0.08194216340780258,0,-0.23143434524536133,0.11026190966367722,0.9665821194648743,0,-0.09093800187110901,-0.07378999888896942,0.028398999944329262,1,0.9888588190078735,-0.09737621992826462,-0.11259253323078156,0,0.030087577179074287,0.8714997172355652,-0.48947280645370483,0,0.14578720927238464,0.4806312918663025,0.8647189736366272,0,0,0.4023919999599457,0,1,0.9585878252983093,0.06349557638168335,0.27762824296951294,0,-0.2844899594783783,0.16826015710830688,0.9437975883483887,0,0.013213200494647026,-0.9836959838867188,0.17935611307621002,0,0,0.2589719891548157,0,1,0.9777758717536926,0,0.2096533626317978,0,-0.10957004874944687,0.8525629043579102,0.5110101103782654,0,-0.1787426471710205,-0.5226249694824219,0.8336151838302612,0,0,0.14532600343227386,0,1
K0.067,0.9990776777267456,-0.026473212987184525,0.033818043768405914,0,0.02763492986559868,0.9990269541740417,-0.03435998782515526,0,-0.03287550434470177,0.03526284545660019,0.9988367557525635,0,-0.0005923210410401225,0.7826541662216187,-0.014119233004748821,1,0.9998960494995117,0.014358638785779476,0.0016461838968098164,0,-0.014378718100488186,0.9998130202293396,0.012920165434479713,0,-0.0014603594318032265,-0.012942485511302948,0.9999150037765503,0,0,0.1327120065689087,0.0014430000446736813,1,0.9997320175170898,0.022985244169831276,0.0028687575832009315,0,-0.02299574576318264,0.9997290372848511,0.003683617804199457,0,-0.0027833094354718924,-0.0037485971115529537,0.9999889731407166,0,0,0.15484000742435455,0,1,0.9997320175170898,0.022984731942415237,0.002877687569707632,0,-0.022995246574282646,0.9997289180755615,0.0036775097250938416,0,-0.002792379353195429,-0.0037426950875669718,0.9999889731407166,0,0,0.17696000635623932,0,1,0.9999790191650391,0.002411261899396777,-0.005985247902572155,0,-0.0024728698190301657,0.9999440312385559,-0.010307125747203827,0,0.005960060283541679,0.010321710258722305,0.9999290704727173,0,0,0.19908000528812408,0,1,0.9994489550590515,-0.005296289920806885,-0.032758451998233795,0,-0.00008203662582673132,0.986783504486084,-0.16204313933849335,0,0.033183738589286804,0.1619565635919571,0.9862395524978638,0,0,0.05678899958729744,0.008674999698996544,1,-0.08496980369091034,0.007732579484581947,-0.9963529706001282,0,0.9703226685523987,-0.22656460106372833,-0.0845082551240921,0,-0.22639200091362,-0.9739655256271362,0.011748055927455425,0,0.069862000644207,0.17641699314117432,0.0006750000175088644,1,0.7935702204704285,0.5524674654006958,-0.25500109791755676,0,-0.039430227130651474,0.4648899435997009,0.8844899535179138,0,0.6071996092796326,-0.6918503642082214,0.3907068967819214,0,0,0.14940999448299408,0,1,0.9267237186431885,0.37573373317718506,-0.0026938619557768106,0,-0.37574338912963867,0.9266977906227112,-0.006933762226253748,0,-0.00010885224037338048,0.007437880150973797,0.9999719858169556,0,0,0.2703000009059906,0,1,0.9893874526023865,-0.11563605070114136,0.08798595517873764,0,0.097053661942482,0.9765644073486328,0.19210301339626312,0,-0.10813786089420319,-0.18152473866939545,0.977422297000885,0,0,0.2722789943218231,0,1,0.9236924052238464,0.378740519285202,-0.057861439883708954,0,-0.35523533821105957,0.9031819105148315,0.24097909033298492,0,0.1435278356075287,-0.20203596353530884,0.9688035845756531,0,-0.02849300019443035,0.031202999874949455,0,1,0.8323506712913513,-0.5523594617843628,0.04573199152946472,0,0.48882755637168884,0.7704885601997375,0.4091380536556244,0,-0.26122739911079407,-0.31819140911102295,0.9113256335258484,0,-0.005913999862968922,0.03328299894928932,0,1,0.9803518056869507,-0.1512519121170044,0.12662407755851746,0,0.12351256608963013,0.9711867570877075,0.20381659269332886,0,-0.15380322933197021,-0.18417222797870636,0.9707858562469482,0,0.00011000000085914508,0.026717999950051308,0,1,0.9609774947166443,0.2397509664297104,0.13798734545707703,0,-0.2735466957092285,0.7494087815284729,0.602959156036377,0,0.041151102632284164,-0.6171760559082031,0.7857479453086853,0,0,0.07073699682950974,0.0002589999930933118,1,0.9992940425872803,-0.036776795983314514,-0.00765580078586936,0,0.03692106157541275,0.9239668250083923,0.3806861639022827,0,-0.006926713977009058,-0.3807002604007721,0.9246728420257568,0,0.0020639998838305473,0.041429001837968826,0,1,0.9969300031661987,0.07817782461643219,-0.004297326318919659,0,-0.07817817479372025,0.9969390034675598,0.00008310624252771959,0,0.004290672950446606,0.00025310623459517956,0.9999909996986389,0,-0.002319999970495701,0.03904300183057785,0,1,-0.07800697535276413,-0.012318307533860207,0.996877133846283,0,-0.9509847164154053,-0.29921019077301025,-0.07811309397220612,0,0.29923784732818604,-0.9541078805923462,0.011625890620052814,0,-0.069862000644207,0.17640699446201324,-0.00018200000340584666,1,0.8969889283180237,-0.4039696455001831,0.1794995218515396,0,0.08133240789175034,0.549942672252655,0.8312326669692993,0,-0.43450698256492615,-0.7310069799423218,0.5261480808258057,0,0,0.14940999448299408,0,1,0.9360767006874084,-0.35178735852241516,0.0025200447998940945,0,0.35179293155670166,0.9360747337341309,-0.002328069182112813,0,-0.0015399649273604155,0.003065784927457571,0.9999939799308777,0,0,0.2703149914741516,0,1,0.9569367170333862,-0.06155227869749069,0.28369593620300293,0,0.03736399859189987,0.9952491521835327,0.0899021327495575,0,-0.287882000207901,-0.07543069124221802,0.9546909928321838,0,0,0.27237099409103394,0,1,0.9399967789649963,-0.33306506276130676,-0.07398375123739243,0,0.3395827114582062,0.9343050718307495,0.10843280702829361,0,0.03300821781158447,-0.12705008685588837,0.9913468956947327,0,0.026701999828219414,0.03265500068664551,0,1,0.8817359805107117,0.4644559919834137,0.08259416371583939,0,-0.4703559875488281,0.8521488308906555,0.22936442494392395,0,0.036147162318229675,-0.24108755588531494,0.9698300957679749,0,0.0064690001308918,0.03311999887228012,0,1,0.7646015882492065,-0.6391775608062744,0.08267981559038162,0,0.6444361805915833,0.7600527405738831,-0.08379603177309036,0,-0.009280474856495857,0.11735247820615768,0.9930469393730164,0,0.0023980000987648964,0.027009999379515648,0,1,0.9469718337059021,-0.26775872707366943,-0.1776212453842163,0,0.31756696105003357,0.6957207918167114,0.6443017721176147,0,-0.048942647874355316,-0.6665422320365906,0.7438592314720154,0,0,0.061167001724243164,0.001075000036507845,1,0.9847991466522217,-0.16881734132766724,-0.04088037833571434,0,0.168555349111557,0.871967613697052,0.4596312344074249,0,-0.0419473797082901,-0.45953527092933655,0.8871684074401855,0,0.0012580000329762697,0.043793000280857086,0,1,0.999983012676239,0.005888459272682667,-0.00007685766468057409,0,-0.005874317139387131,0.9983312487602234,0.05744918808341026,0,0.00041501628584228456,-0.05744772031903267,0.9983481764793396,0,-0.00101200002245605,0.03587700054049492,0,1,-0.941251814365387,-0.18728215992450714,0.2810155153274536,0,0.21275505423545837,-0.9750871658325195,0.06277117133140564,0,0.26225870847702026,0.11887096613645554,0.9576478600502014,0,0.09093800187110901,-0.07378999888896942,0.026993999257683754,1,0.9914077520370483,0.10609637200832367,0.076506607234478,0,-0.05493437871336937,0.8685311079025269,-0.4925800859928131,0,-0.11870944499969482,0.4841453731060028,0.866897702217102,0,0,0.40217500925064087,0,1,0.9508030414581299,-0.10397295653820038,-0.29182669520378113,0,0.30493292212486267,0.14785292744636536,0.940826952457428,0,-0.05467316508293152,-0.9835289716720581,0.1722838431596756,0,0,0.2589139938354492,0,1,0.9789620041847229,0,-0.20404326915740967,0,0.10666405409574509,0.8524851202964783,0.5117547512054443,0,0.17394374310970306,-0.5227521657943726,0.8345499634742737,0,0,0.14509999752044678,0,1,-0.9650658965110779,0.10333301872015,-0.24077108502388,0,-0.12658101320266724,-0.9884662628173828,0.08314045518636703,0,-0.2294028401374817,0.11071301996707916,0.967014729976654,0,-0.09093800187110901,-0.07378999888896942,0.028398999944329262,1,0.9886136054992676,-0.10107144713401794,-0.11147581040859222,0,0.03372584655880928,0.8708181381225586,-0.490447461605072,0,0.1466454416513443,0.4811035692691803,0.864311695098877,0,0,0.4023919999599457,0,1,0.9587189555168152,0.06603731215000153,0.27658095955848694,0,-0.28390195965766907,0.16739867627620697,0.9441272616386414,0,0.016048358753323555,-0.9836753606796265,0.1792365312576294,0,0,0.2589719891548157,0,1,0.9777758717536926,0,0.2096533626317978,0,-0.10957004129886627,0.8525629043579102,0.5110101103782654,0,-0.1787426471710205,-0.5226249098777771,0.8336151838302612,0,0,0.14532600343227386,0,1
K0.100,0.9990514516830444,-0.026520345360040665,0.034525398164987564,0,0.027708131819963455,0.9990239143371582,-0.03439177945256233,0,-0.03357963263988495,0.03531580790877342,0.9988116025924683,0,-0.0005218349979259074,0.7826711535453796,-0.014143816195428371,1,0.9998949766159058,0.014428130351006985,0.0016746505862101912,0,-0.014448540285229683,0.9998120069503784,0.012901253066956997,0,-0.001488194102421403,-0.012924088165163994,0.9999150037765503,0,0,0.1327120065689087,0.0014430000446736813,1,0.9997289180755615,0.02308734506368637,0.0029237698763608932,0,-0.023097950965166092,0.9997270703315735,0.0036411986220628023,0,-0.0028389052022248507,-0.003707743249833584,0.9999889731407166,0,0,0.15484000742435455,0,1,0.9997289776802063,0.023086342960596085,0.002932693110778928,0,-0.023096956312656403,0.9997269511222839,0.0036345957778394222,0,-0.0028479821048676968,-0.00370134599506855,0.9999889731407166,0,0,0.17696000635623932,0,1,0.9999789595603943,0.0021640711929649115,-0.006101879756897688,0,-0.0022242972627282143,0.9999490976333618,-0.00988050363957882,0,0.006080182734876871,0.009893860667943954,0.9999321103096008,0,0,0.19908000528812408,0,1,0.9994469285011292,-0.00477245869114995,-0.03291769325733185,0,-0.0006551529513671994,0.9866366982460022,-0.16293588280677795,0,0.03325539827346802,0.16286726295948029,0.9860875010490417,0,0,0.05678899958729744,0.008674999698996544,1,-0.0849233865737915,0.007746857590973377,-0.996357262134552,0,0.97027587890625,-0.2267814725637436,-0.08446364849805832,0,-0.22660982608795166,-0.9739149212837219,0.011742481030523777,0,0.069862000644207,0.17641699314117432,0.0006750000175088644,1,0.7935930490493774,0.5526176691055298,-0.2546044588088989,0,-0.03976542130112648,0.46466052532196045,0.8845958709716797,0,0.6071478128433228,-0.6918843984603882,0.39072632789611816,0,0,0.14940999448299408,0,1,0.9271121621131897,0.3747739791870117,-0.002686956897377968,0,-0.37478357553482056,0.927086353302002,-0.0069161634892225266,0,-0.00010095685865962878,0.007419085130095482,0.9999719858169556,0,0,0.2703000009059906,0,1,0.9893253445625305,-0.1158735603094101,0.08836977183818817,0,0.0973685011267662,0.976798415184021,0.19074390828609467,0,-0.10842163115739822,-0.1801033467054367,0.9776539206504822,0,0,0.2722789943218231,0,1,0.9239352941513062,0.37807926535606384,-0.05831064283847809,0,-0.3544924557209015,0.9034651517868042,0.24100853502750397,0,0.1438019871711731,-0.20200563967227936,0.9687696695327759,0,-0.02849300019443035,0.031202999874949455,0,1,0.832528293132782,-0.5520856380462646,0.04580327868461609,0,0.4885978698730469,0.770720899105072,0.40897566080093384,0,-0.26109132170677185,-0.31810462474823,0.9113954305648804,0,-0.005913999862968922,0.03328299894928932,0,1,0.980337917804718,-0.15133342146873474,0.1266297549009323,0,0.12358446419239044,0.9711667895317078,0.20386560261249542,0,-0.15383043885231018,-0.18420788645744324,0.9707750082015991,0,0.00011000000085914508,0.026717999950051308,0,1,0.9608306884765625,0.24014875292778015,0.13832035660743713,0,-0.2740646004676819,0.7492813467979431,0.6028810143470764,0,0.041140276938676834,-0.6171754598617554,0.785749077796936,0,0,0.07073699682950974,0.0002589999930933118,1,0.9993022084236145,-0.036560408771038055,-0.007639589719474316,0,0.03670691326260567,0.9235373139381409,0.38174790143966675,0,-0.006901415530592203,-0.3817620575428009,0.9242351651191711,0,0.0020639998838305473,0.041429001837968826,0,1,0.9969300031661987,0.07817783206701279,-0.004297326318919659,0,-0.07817818224430084,0.9969390034675598,0.00008310625707963482,0,0.004290672950446606,0.00025310626369901,0.9999909996986389,0,-0.002319999970495701,0.03904300183057785,0,1,-0.07802803069353104,-0.012347386218607426,0.996874988079071,0,-0.9508575797080994,-0.29960721731185913,-0.07813706994056702,0,0.299635648727417,-0.9539828896522522,0.01163711678236723,0,-0.069862000644207,0.17640699446201324,-0.00018200000340584666,1,0.8976014256477356,-0.4029185473918915,0.17879536747932434,0,0.08157820254564285,0.5504391193389893,0.8308795690536499,0,-0.43319302797317505,-0.731213390827179,0.526944637298584,0,0,0.14940999448299408,0,1,0.9364573359489441,-0.3507734537124634,0.002517676679417491,0,0.35077887773513794,0.9364551901817322,-0.002321592066437006,0,-0.001543338061310351,0.0030572188552469015,0.9999939799308777,0,0,0.2703149914741516,0,1,0.9564839601516724,-0.06362391263246536,0.284763365983963,0,0.03817904368042946,0.9948364496231079,0.0940350666642189,0,-0.2892759442329407,-0.07907107472419739,0.9539745450019836,0,0,0.27237099409103394,0,1,0.9396675229072571,-0.33388417959213257,-0.07447343319654465,0,0.3404523432254791,0.9340131282806396,0.10822416096925735,0,0.03342480957508087,-0.1270493119955063,0.9913328886032104,0,0.026701999828219414,0.03265500068664551,0,1,0.8817359805107117,0.4644559323787689,0.08259428292512894,0,-0.4703560769557953,0.8521489500999451,0.22936496138572693,0,0.03614727407693863,-0.24108804762363434,0.9698299765586853,0,0.0064690001308918,0.03311999887228012,0,1,0.764568030834198,-0.6392148733139038,0.08270648121833801,0,0.6444762945175171,0.7600166201591492,-0.08381453156471252,0,-0.009282798506319523,0.11738426238298416,0.9930431246757507,0,0.0023980000987648964,0.027009999379515648,0,1,0.9470537304878235,-0.26764893531799316,-0.17735077440738678,0,0.3173431158065796,0.6963160037994385,0.6437679529190063,0,-0.04881160333752632,-0.6659636497497559,0.7443849444389343,0,0,0.061167001724243164,0.001075000036507845,1,0.9848121404647827,-0.16875050961971283,-0.04083475098013878,0,0.16848883032798767,0.8721309900283813,0.45934659242630005,0,-0.041901733726263046,-0.4592503607273102,0.8873178362846375,0,0.0012580000329762697,0.043793000280857086,0,1,0.9999819993972778,0.005979590117931366,-0.00006883558671688661,0,-0.005965908989310265,0.9983510971069336,0.05708421394228935,0,0.00041006243554875255,-0.05708279460668564,0.9983691573143005,0,-0.00101200002245605,0.03587700054049492,0,1,-0.9412189722061157,-0.18733032047748566,0.2810949385166168,0,0.2127288579940796,-0.9751135110855103,0.0624561682343483,0,0.2623993754386902,0.1185818687081337,0.9576452374458313,0,0.09093800187110901,-0.07378999888896942,0.026993999257683754,1,0.9913866519927979,0.1061333492398262,0.07673493772745132,0,-0.05487881973385811,0.8686330914497375,-0.4924067556858063,0,-0.11891525238752365,0.48395422101020813,0.8669754862785339,0,0,0.40217500925064087,0,1,0.9508084058761597,-0.10398977994918823,-0.2918035686016083,0,0.30491235852241516,0.147840678691864,0.9408361315727234,0,-0.05469686910510063,-0.9835287928581238,0.1722758263349533,0,0,0.2589139938354492,0,1,0.9789620041847229,0,-0.20404325425624847,0,0.10666398704051971,0.8524848818778992,0.5117541551589966,0,0.17394374310970306,-0.5227518081665039,0.834550142288208,0,0,0.14509999752044678,0,1,-0.9651718735694885,0.1030864417552948,-0.2404523342847824,0,-0.12632158398628235,-0.988488495349884,0.08326926082372665,0,-0.22910019755363464,0.11074335873126984,0.9670824408531189,0,-0.09093800187110901,-0.07378999888896942,0.028398999944329262,1,0.9885712265968323,-0.10162532329559326,-0.1113511174917221,0,0.03432070463895798,0.8709469437599182,-0.4901774525642395,0,0.1467953622341156,0.48075371980667114,0.8644810318946838,0,0,0.4023919999599457,0,1,0.9585947394371033,0.06637424975633621,0.27692967653274536,0,-0.2843107283115387,0.1676855832338333,0.9439535737037659,0,0.016217119991779327,-0.983603298664093,0.17961347103118896,0,0,0.2589719891548157,0,1,0.977776050567627,0,0.2096538096666336,0,-0.10956981778144836,0.852561891078949,0.5110111236572266,0,-0.1787431687116623,-0.5226258635520935,0.8336140513420105,0,0,0.14532600343227386,0,1
