7.133,30,214,33
B0,mixamorig_Hips,-1,0.9964843392372131,-0.021669531241059303,-0.0809328481554985,0,0.01754513569176197,0.9985275268554688,-0.05132860690355301,0,0.08192591369152069,0.0497281588613987,0.9953968524932861,0,-0.0061622424982488155,0.7686527371406555,-0.0011443838011473417,1
B1,mixamorig_Spine,0,0.9999560117721558,0.008799985982477665,0.0032476703636348248,0,-0.00878953281790018,0.999955952167511,-0.003218526253476739,0,-0.00327585288323462,0.003189841518178582,0.9999900460243225,0,0,0.1341259926557541,-0.0034050000831484795,1
B2,mixamorig_Spine1,1,0.9999159574508667,0.011688973754644394,0.005688288249075413,0,-0.011884169653058052,0.9992961883544922,0.03558609262108803,0,-0.005268315318971872,-0.035650674253702164,0.9993503093719482,0,0,0.15653100609779358,0,1
B3,mixamorig_Spine2,2,0.9999159574508667,0.011701862327754498,0.005666001699864864,0,-0.011896230280399323,0.999296247959137,0.03558119758963585,0,-0.005245641805231571,-0.03564557060599327,0.9993503093719482,0,0,0.17889299988746643,0,1
B4,mixamorig_Neck,3,0.9999539852142334,0.00933514442294836,0.0023534870706498623,0,-0.009402156807482243,0.9994969367980957,0.030285609886050224,0,-0.00206958269700408,-0.03030635043978691,0.9995388984680176,0,0,0.2012539952993393,0,1
B5,mixamorig_Head,4,0.998747706413269,0.0497024804353714,0.00568684097379446,0,-0.04704436659812927,0.9717812538146973,-0.2311450093984604,0,-0.017014848068356514,0.23058806359767914,0.9729027152061462,0,0,0.0920649990439415,0.0029670000076293945,1
B6,mixamorig_HeadTop_End,5,1,0,0,0,0,1,0,0,0,0,1,0,0,0.2851350009441376,0.009189999662339687,1
B7,mixamorig_LeftShoulder,3,-0.09136801213026047,0.007222593296319246,-0.9957913160324097,0,0.9932599067687988,-0.07095802575349808,-0.09165046364068985,0,-0.07132139801979065,-0.9974535703659058,-0.0006905574118718505,0,0.05645899847149849,0.18508100509643555,-0.0005530000198632479,1
B8,mixamorig_LeftArm,7,0.744816243648529,0.6038793325424194,-0.283863365650177,0,-0.047358252108097076,0.4721774756908417,0.8802298903465271,0,0.6655868887901306,-0.6421666145324707,0.38028430938720703,0,0,0.11397500336170197,0,1
B9,mixamorig_LeftForeArm,8,0.8287982940673828,0.5592329502105713,-0.01875041425228119,0,-0.5595018267631531,0.8286926746368408,-0.015034394338726997,0,0.007130604237318039,0.02295137569308281,0.9997110962867737,0,0,0.32672300934791565,0,1
B10,mixamorig_LeftHand,9,0.875286877155304,0.1041807159781456,0.47224918007850647,0,-0.02352304384112358,0.9845364689826965,-0.17359544336795807,0,-0.48303157091140747,0.14083698391914368,0.8642019629478455,0,0,0.2040569931268692,0,1
B11,mixamorig_LeftHandIndex1,10,0.7191936373710632,0.6670737266540527,-0.19435472786426544,0,0.06260226666927338,0.21637330949306488,0.974301278591156,0,0.6919835805892944,-0.7128778696060181,0.11385393142700195,0,0,0.09350799769163132,0,1
B12,mixamorig_LeftHandIndex2,11,0.7528927326202393,0.604046642780304,0.2613041400909424,0,-0.40765804052352905,0.11631632596254349,0.9056966304779053,0,0.5166887044906616,-0.788414716720581,0.3338179886341095,0,0,0.03336799889802933,0,1
B13,mixamorig_LeftHandIndex3,12,0.9993129372596741,-0.02239411137998104,-0.029526226222515106,0,0.03209535405039787,0.9213116765022278,0.3874978721141815,0,0.018525194376707077,-0.3881794512271881,0.9213977456092834,0,-0.0007980000227689743,0.03864999860525131,-0.01931699924170971,1
B14,mixamorig_LeftHandIndex4,13,1,0,0,0,0,1,0,0,0,0,1,0,-0.004075000062584877,0.018873000517487526,-0.016798999160528183,1
B15,mixamorig_RightShoulder,3,-0.04820914566516876,-0.0108026759698987,0.9987785220146179,0,-0.9921980500221252,-0.11458218097686768,-0.04913086071610451,0,0.11497298628091812,-0.9933545589447021,-0.005194445140659809,0,-0.05645899847149849,0.18507300317287445,-0.0002680000034160912,1
B16,mixamorig_RightArm,15,0.8868111968040466,-0.4583960771560669,0.058639734983444214,0,0.2295665740966797,0.5470941662788391,0.804976761341095,0,-0.40107962489128113,-0.7004006505012512,0.5904016494750977,0,0,0.11397500336170197,0,1
B17,mixamorig_RightForeArm,16,0.9001150727272034,-0.4351668059825897,0.02054719068109989,0,0.43547695875167847,0.9000891447067261,-0.01413696352392435,0,-0.012342370115220547,0.021672727540135384,0.9996891617774963,0,0,0.3267349898815155,0,1
B18,mixamorig_RightHand,17,0.9890459775924683,-0.07597203552722931,-0.12655766308307648,0,0.10417293012142181,0.9666849970817566,0.2338126301765442,0,0.1045781746506691,-0.24443532526493073,0.9640101194381714,0,0,0.20520199835300446,0,1
B19,mixamorig_RightHandIndex1,18,0.9960640072822571,0.017296375706791878,-0.08693806827068329,0,0.07021817564964294,0.4446258544921875,0.8929600119590759,0,0.05409984290599823,-0.8955491781234741,0.44166091084480286,0,0,0.08449699729681015,0,1
B20,mixamorig_RightHandIndex2,19,0.9214529395103455,0.26279589533805847,0.2861171364784241,0,-0.3860355019569397,0.5367205142974854,0.750271737575531,0,0.04360334575176239,-0.8017910122871399,0.5960108637809753,0,0,0.0311489999294281,0,1
B21,mixamorig_RightHandIndex3,20,0.8993297219276428,0.35532668232917786,0.2548491656780243,0,-0.4331458806991577,0.8037652969360352,0.40785571932792664,0,-0.05991692095994949,-0.4771839678287506,0.876758873462677,0,0.01579499989748001,0.04596000164747238,-0.002400000113993883,1
B22,mixamorig_RightHandIndex4,21,1,0,0,0,0,1,0,0,0,0,1,0,0.018478000536561012,0.01923299953341484,-0.01129900012165308,1
B23,mixamorig_LeftUpLeg,0,-0.9450538754463196,-0.18176773190498352,0.2717253267765045,0,0.2224091738462448,-0.9666598439216614,0.12689675390720367,0,0.23960013687610626,0.1803584098815918,0.9539719820022583,0,0.08352500200271606,-0.07456299662590027,-0.00027099999715574086,1
B24,mixamorig_LeftLeg,23,0.9985449910163879,0.053854141384363174,-0.0026906237471848726,0,-0.048197630792856216,0.8690657615661621,-0.49234333634376526,0,-0.024176398292183876,0.4917566776275635,0.8703969120979309,0,0,0.3741450011730194,0,1
B25,mixamorig_LeftFoot,24,0.9625043869018555,-0.09566453099250793,-0.25383931398391724,0,0.26481911540031433,0.12854735553264618,0.9556916952133179,0,-0.05879540741443634,-0.9870787262916565,0.1490611433982849,0,0,0.283378005027771,0,1
B26,mixamorig_LeftToeBase,25,0.9705909490585327,3.41258612479578e-7,-0.24073520302772522,0,0.10652334988117218,0.8967720866203308,0.42947980761528015,0,0.21588477492332458,-0.44249317049980164,0.8703988790512085,0,0,0.13549700379371643,0,1
B27,mixamorig_LeftToe_End,26,1,0,0,0,0,1,0,0,0,0,1,0,0,0.06424599885940552,0,1
B28,mixamorig_RightUpLeg,0,-0.9670912623405457,0.09656567871570587,-0.23539160192012787,0,-0.11958296597003937,-0.9891335964202881,0.08552251756191254,0,-0.22457517683506012,0.11085689067840576,0.9681300520896912,0,-0.08352500200271606,-0.07456299662590027,0.002302000066265464,1
B29,mixamorig_RightLeg,28,0.9873324036598206,-0.1044461727142334,-0.11943694949150085,0,0.03224863111972809,0.8691577315330505,-0.4934828281402588,0,0.1553518921136856,0.4833797812461853,0.8615156412124634,0,0,0.37443000078201294,0,1
B30,mixamorig_RightFoot,29,0.9841565489768982,0.11077467352151871,0.13844071328639984,0,-0.15095554292201996,0.11394079029560089,0.9819518327713013,0,0.0930013582110405,-0.9872927069664001,0.12885762751102448,0,0,0.28327998518943787,0,1
B31,mixamorig_RightToeBase,30,0.9760319590568542,-4.637920767436299e-7,0.21762719750404358,0,-0.09745746105909348,0.894123911857605,0.43708691000938416,0,-0.19458578526973724,-0.4478199779987335,0.8726930618286133,0,0,0.1334020048379898,0,1
B32,mixamorig_RightToe_End,31,1,0,0,0,0,1,0,0,0,0,1,0,0,0.06449200212955475,0,1
@28,0,1,2,3,4,5,7,8,9,10,11,12,13,15,16,17,18,19,20,21,23,24,25,26,28,29,30,31
K0,0.9991130828857422,-0.027569768950343132,0.03184203431010246,0,0.028657231479883194,0.9990040063858032,-0.03421593829989433,0,-0.030866963788866997,0.035098060965538025,0.9989070296287537,0,-0.001246000058017671,0.7670050263404846,0.011958000250160694,1,0.9998769760131836,0.015561852604150772,0.0018169236136600375,0,-0.015515146777033806,0.9996060132980347,-0.023382028564810753,0,-0.0021800764370709658,0.023350972682237625,0.9997249245643616,0,0,0.1341259926557541,-0.0034050000831484795,1,0.9997340440750122,0.02280409447848797,0.003579367883503437,0,-0.022816909477114677,0.9997329711914062,0.0035861425567418337,0,-0.0034966319799423218,-0.0036668572574853897,0.999987006187439,0,0,0.15653100609779358,0,1,0.9997339844703674,0.022804085165262222,0.0035897993948310614,0,-0.022816915065050125,0.9997329711914062,0.0035800226032733917,0,-0.0035072006285190582,-0.003660977352410555,0.999987006187439,0,0,0.17889299988746643,0,1,0.9999780654907227,0.0022770073264837265,-0.00623996090143919,0,-0.002119992859661579,0.9996839761734009,0.025054888799786568,0,0.006295039318501949,-0.025041112676262856,0.9996669888496399,0,0,0.2012539952993393,0,1,0.999413013458252,-0.005091730505228043,-0.033866092562675476,0,-0.0005747309187427163,0.9862531423568726,-0.16524280607700348,0,0.03424190357327461,0.16516521573066711,0.9856709241867065,0,0,0.0920649990439415,0.0029670000076293945,1,-0.09731586277484894,0.00523543544113636,-0.9952399730682373,0,0.9941360354423523,-0.046865567564964294,-0.0974544957280159,0,-0.04715270176529884,-0.9988870024681091,-0.0006439319113269448,0,0.05645899847149849,0.18508100509643555,-0.0005530000198632479,1,0.7745879292488098,0.6041040420532227,-0.1872740238904953,0,-0.004374904558062553,0.3012119233608246,0.953546941280365,0,0.6324509382247925,-0.7377869486808777,0.23595809936523438,0,0,0.11397500336170197,0,1,0.9249228835105896,0.37981116771698,-0.016167957335710526,0,-0.37999385595321655,0.9249330759048462,-0.010210948064923286,0,0.01107604056596756,0.015588054433465004,0.9998170137405396,0,0,0.32672300934791565,0,1,0.9228449463844299,-0.16128723323345184,0.34977594017982483,0,0.09628675878047943,0.9758751392364502,0.19594959914684296,0,-0.3729420602321625,-0.14715242385864258,0.916111946105957,0,0,0.2040569931268692,0,1,0.6878838539123535,0.500504195690155,-0.5256538987159729,0,-0.0644407793879509,0.7634729146957397,0.6426160335540771,0,0.722955048084259,-0.4081719219684601,0.5574339032173157,0,0,0.09350799769163132,0,1,0.9684798717498779,0.24735547602176666,0.029343031346797943,0,-0.2002115249633789,0.7029330134391785,0.6824961304664612,0,0.14819303154945374,-0.6668587923049927,0.7303001284599304,0,0,0.03336799889802933,0,1,0.9896280169487,-0.13724397122859955,0.042427003383636475,0,0.12165803462266922,0.9577750563621521,0.2605096697807312,0,-0.07638899236917496,-0.2526463270187378,0.9645389318466187,0,-0.0007980000227689743,0.03864999860525131,-0.01931699924170971,1,-0.07595783472061157,-0.011601273901760578,0.9970430135726929,0,-0.9895039796829224,-0.12240564078092575,-0.07680775970220566,0,0.1229347288608551,-0.9924119710922241,-0.002181840827688575,0,-0.05645899847149849,0.18507300317287445,-0.0002680000034160912,1,0.8852080702781677,-0.44241976737976074,0.14377501606941223,0,0.04750922694802284,0.3934260308742523,0.9181280136108398,0,-0.4627629816532135,-0.8059039115905762,0.3692830204963684,0,0,0.11397500336170197,0,1,0.9379370212554932,-0.34626826643943787,0.019319185987114906,0,0.3465147614479065,0.9379770755767822,-0.011248882859945297,0,-0.014225815422832966,0.01724511757493019,0.999750018119812,0,0,0.3267349898815155,0,1,0.9963719248771667,-0.02981802448630333,-0.07971237599849701,0,0.03825097531080246,0.9935820698738098,0.10645205527544022,0,0.07602661848068237,-0.10911494493484497,0.9911180734634399,0,0,0.20520199835300446,0,1,0.991703987121582,-0.0626710057258606,-0.11223440617322922,0,0.12388899177312851,0.6988650560379028,0.7044419646263123,0,0.03428858891129494,-0.7125020027160645,0.7008310556411743,0,0,0.08449699729681015,0,1,0.9316059947013855,0.3209759294986725,0.17054514586925507,0,-0.362881064414978,0.7946351170539856,0.48669472336769104,0,0.020696142688393593,-0.5152953267097473,0.8567628860473633,0,0,0.0311489999294281,0,1,0.908147931098938,0.3659570813179016,0.20332716405391693,0,-0.4167339503765106,0.8366121053695679,0.35554492473602295,0,-0.039991822093725204,-0.4076210558414459,0.9122750163078308,0,0.01579499989748001,0.04596000164747238,-0.002400000113993883,1,-0.9407989978790283,-0.19078104197978973,0.28017687797546387,0,0.2248629480600357,-0.9697770476341248,0.09471078217029572,0,0.2536401152610779,0.15210522711277008,0.9552649855613708,0,0.08352500200271606,-0.07456299662590027,-0.00027099999715574086,1,0.9917399883270264,0.09372088313102722,0.0875631794333458,0,-0.0366821251809597,0.8614310026168823,-0.5065478682518005,0,-0.12290382385253906,0.4991520643234253,0.8577539324760437,0,0,0.3741450011730194,0,1,0.9590728282928467,-0.1156734898686409,-0.25845640897750854,0,0.2686275541782379,0.083018958568573,0.9596601724624634,0,-0.08955039083957672,-0.9898120164871216,0.11069425940513611,0,0,0.283378005027771,0,1,0.9705909490585327,0,-0.24073520302772522,0,0.10652334988117218,0.8967720866203308,0.42947980761528015,0,0.21588477492332458,-0.44249317049980164,0.8703988790512085,0,0,0.13549700379371643,0,1,-0.96430504322052,0.10754234343767166,-0.2419726699590683,0,-0.13736765086650848,-0.9844011068344116,0.10992781817913055,0,-0.22637629508972168,0.13924318552017212,0.9640358686447144,0,-0.08352500200271606,-0.07456299662590027,0.002302000066265464,1,0.9888449907302856,-0.08711154758930206,-0.12081602960824966,0,0.01501846220344305,0.8653190732002258,-0.5009959936141968,0,0.14818698167800903,0.49359309673309326,0.8569749593734741,0,0,0.37443000078201294,0,1,0.9664449095726013,0.07240846008062363,0.2464573085308075,0,-0.25322553515434265,0.10742604732513428,0.9614241123199463,0,0.043139319866895676,-0.991572916507721,0.12215705960988998,0,0,0.28327998518943787,0,1,0.9760319590568542,0,0.21762731671333313,0,-0.09745796769857407,0.8941239714622498,0.43708691000938416,0,-0.1945856809616089,-0.4478200078010559,0.8726930618286133,0,0,0.1334020048379898,0,1
K0.033,0.9990910291671753,-0.027408162131905556,0.032651208341121674,0,0.028529847040772438,0.9990010261535645,-0.03439786285161972,0,-0.03167581185698509,0.03529813513159752,0.998875081539154,0,-0.001164000015705824,0.7670199871063232,0.011980999261140823,1,0.9998760223388672,0.015663007274270058,0.0018287325510755181,0,-0.015615993179380894,0.9996049404144287,-0.02338373474776745,0,-0.0021942683961242437,0.023352263495326042,0.9997249841690063,0,0,0.1341259926557541,-0.0034050000831484795,1,0.9997310042381287,0.022933093830943108,0.003604309866204858,0,-0.022945906966924667,0.9997299909591675,0.0035601286217570305,0,-0.0035216910764575005,-0.0036418738309293985,0.999987006187439,0,0,0.15653100609779358,0,1,0.9997299909591675,0.022932076826691628,0.0036137381102889776,0,-0.022944923490285873,0.9997299909591675,0.003554021008312702,0,-0.0035312636755406857,-0.003635980887338519,0.9999869465827942,0,0,0.17889299988746643,0,1,0.9999780058860779,0.0018110694363713264,-0.006312097422778606,0,-0.0016469458350911736,0.9996630549430847,0.02591048553586006,0,0.00635689590126276,-0.02589951828122139,0.9996439814567566,0,0,0.2012539952993393,0,1,0.9994239807128906,-0.005020644515752792,-0.03356320038437843,0,-0.0005746373208239675,0.986350953578949,-0.16465723514556885,0,0.03393178433179855,0.16458170115947723,0.9857800006866455,0,0,0.0920649990439415,0.0029670000076293945,1,-0.09756406396627426,0.00530382851138711,-0.9952150583267212,0,0.9940670728683472,-0.04780372232198715,-0.09770624339580536,0,-0.04809316247701645,-0.9988430738449097,-0.0006084805354475975,0,0.05645899847149849,0.18508100509643555,-0.0005530000198632479,1,0.7748311161994934,0.6040349006652832,-0.18648812174797058,0,-0.005073146428912878,0.3009297549724579,0.9536330699920654,0,0.6321479082107544,-0.7379589676856995,0.23623427748680115,0,0,0.11397500336170197,0,1,0.9263060092926025,0.37642696499824524,-0.016129978001117706,0,-0.3766080141067505,0.9263179302215576,-0.010120055638253689,0,0.011132022365927696,0.015448941849172115,0.9998189210891724,0,0,0.32672300934791565,0,1,0.9226211309432983,-0.1572839766740799,0.3521817624568939,0,0.09159006178379059,0.9763019680976868,0.19607415795326233,0,-0.3746752142906189,-0.14864587783813477,0.9151629209518433,0,0,0.2040569931268692,0,1,0.6878799796104431,0.5005528926849365,-0.5256110429763794,0,-0.06452109664678574,0.7634608745574951,0.6426231265068054,0,0.7229509353637695,-0.40813493728637695,0.5574661493301392,0,0,0.09350799769163132,0,1,0.9686139822006226,0.24685034155845642,0.029200144112110138,0,-0.19983267784118652,0.7034369707107544,0.6820881962776184,0,0.14783312380313873,-0.6665148138999939,0.7306870818138123,0,0,0.03336799889802933,0,1,0.9896280169487,-0.13724398612976074,0.04242699220776558,0,0.12165800482034683,0.9577748775482178,0.26051026582717896,0,-0.07638899981975555,-0.2526467442512512,0.964538037776947,0,-0.0007980000227689743,0.03864999860525131,-0.01931699924170971,1,-0.07591305673122406,-0.011522946879267693,0.9970479011535645,0,-0.9896510243415833,-0.12124548107385635,-0.07675116509199142,0,0.12177201360464096,-0.9925559759140015,-0.002199520356953144,0,-0.05645899847149849,0.18507300317287445,-0.0002680000034160912,1,0.8847651481628418,-0.4429997503757477,0.1447112262248993,0,0.04636123776435852,0.39263999462127686,0.9185229539871216,0,-0.463724821805954,-0.8059679269790649,0.36793214082717896,0,0,0.11397500336170197,0,1,0.9373359680175781,-0.347890168428421,0.0193389430642128,0,0.34813788533210754,0.9373750686645508,-0.011301801539957523,0,-0.014196056872606277,0.017326202243566513,0.9997490048408508,0,0,0.3267349898815155,0,1,0.996068000793457,-0.030513200908899307,-0.0831708237528801,0,0.03908775374293327,0.9938610196113586,0.10350000858306885,0,0.07950213551521301,-0.10634402185678482,0.9911459684371948,0,0,0.20520199835300446,0,1,0.9917319416999817,-0.06243803724646568,-0.11210944503545761,0,0.12365096062421799,0.698587954044342,0.7047590613365173,0,0.03431455418467522,-0.7127949595451355,0.7005329728126526,0,0,0.08449699729681015,0,1,0.9316059350967407,0.32097911834716797,0.1705334484577179,0,-0.3628789484500885,0.7946541905403137,0.4866657555103302,0,0.020694436505436897,-0.5152642130851746,0.8567818999290466,0,0,0.0311489999294281,0,1,0.9081330299377441,0.3659409284591675,0.20342595875263214,0,-0.4167640209197998,0.8365540504455566,0.35564687848091125,0,-0.04003104194998741,-0.4077550768852234,0.9122129678726196,0,0.01579499989748001,0.04596000164747238,-0.002400000113993883,1,-0.9409039616584778,-0.1904831826686859,0.28002920746803284,0,0.22437283396720886,-0.9699479937553406,0.09411339461803436,0,0.2536867558956146,0.15138261020183563,0.9553671479225159,0,0.08352500200271606,-0.07456299662590027,-0.00027099999715574086,1,0.9916599988937378,0.09418187290430069,0.08797760307788849,0,-0.03691712021827698,0.861600935459137,-0.506242036819458,0,-0.12348037213087082,0.4987719655036926,0.8578919172286987,0,0,0.3741450011730194,0,1,0.9590530395507812,-0.11590693145990372,-0.2584238052368164,0,0.2686140537261963,0.08294001966714859,0.9596710205078125,0,-0.08979878574609756,-0.9897909760475159,0.1106780394911766,0,0,0.283378005027771,0,1,0.9705909490585327,0,-0.2407352775335312,0,0.10652338713407516,0.8967719674110413,0.4294799268245697,0,0.21588467061519623,-0.4424929618835449,0.8703981041908264,0,0,0.13549700379371643,0,1,-0.9641319513320923,0.10811883211135864,-0.24240516126155853,0,-0.13798511028289795,-0.9843318462371826,0.10977918654680252,0,-0.22673779726028442,0.13928982615470886,0.9639440774917603,0,-0.08352500200271606,-0.07456299662590027,0.002302000066265464,1,0.9888750314712524,-0.0866709053516388,-0.12088686972856522,0,0.014610162004828453,0.865369975566864,-0.5009209513664246,0,0.14802712202072144,0.4935820400714874,0.8570089340209961,0,0,0.37443000078201294,0,1,0.9662051200866699,0.07193557918071747,0.24753567576408386,0,-0.2542484402656555,0.10761658847332001,0.9611328840255737,0,0.04250069335103035,-0.9915869235992432,0.12226919084787369,0,0,0.28327998518943787,0,1,0.9760319590568542,0,0.21762731671333313,0,-0.09745796769857407,0.8941239714622498,0.43708691000938416,0,-0.1945856809616089,-0.4478200078010559,0.8726930618286133,0,0,0.1334020048379898,0,1
K0.067,0.9990519881248474,-0.02771635912358761,0.03356683626770973,0,0.028868628665804863,0.9989929795265198,-0.03434376046061516,0,-0.0325811505317688,0.03528023138642311,0.9988459944725037,0,-0.0011620000004768372,0.7668939828872681,0.011934000067412853,1,0.9998760223388672,0.015624967403709888,0.0018752043833956122,0,-0.015577033162117004,0.9996069669723511,-0.023317057639360428,0,-0.002238794695585966,0.023284945636987686,0.9997259974479675,0,0,0.1341259926557541,-0.0034050000831484795,1,0.9997320771217346,0.02287224866449833,0.003689907258376479,0,-0.022885750979185104,0.9997310042381287,0.00366476783528924,0,-0.00360509124584496,-0.0037482301704585552,0.9999859929084778,0,0,0.15653100609779358,0,1,0.9997320771217346,0.022871242836117744,0.003699336666613817,0,-0.022884758189320564,0.9997310042381287,0.003658660687506199,0,-0.003614661516621709,-0.0037423367612063885,0.9999859929084778,0,0,0.17889299988746643,0,1,0.9999790191650391,0.0025607405696064234,-0.005920775234699249,0,-0.0024062443990260363,0.9996600151062012,0.025955386459827423,0,0.0059852320700883865,-0.02594061568379402,0.9996460676193237,0,0,0.2012539952993393,0,1,0.9994480013847351,-0.005288809072226286,-0.03279521316289902,0,-0.00009881658479571342,0.9867669343948364,-0.16214512288570404,0,0.03321879729628563,0.16205891966819763,0.9862220287322998,0,0,0.0920649990439415,0.0029670000076293945,1,-0.09737022966146469,0.005252298433333635,-0.9952340722084045,0,0.9941201210021973,-0.04708893597126007,-0.0975097194314003,0,-0.047376636415719986,-0.9988770484924316,-0.0006364016444422305,0,0.05645899847149849,0.18508100509643555,-0.0005530000198632479,1,0.7754088044166565,0.6034682393074036,-0.18592001497745514,0,-0.005262729711830616,0.30059507489204407,0.9537370204925537,0,0.6314369440078735,-0.7385579943656921,0.2362600713968277,0,0,0.11397500336170197,0,1,0.926673948764801,0.3755202293395996,-0.016120342537760735,0,-0.3757007420063019,0.9266860485076904,-0.010094897821545601,0,0.011147658340632915,0.015411103144288063,0.9998189806938171,0,0,0.32672300934791565,0,1,0.9233389496803284,-0.15839830040931702,0.34979307651519775,0,0.09234368801116943,0.9758170247077942,0.19812637567520142,0,-0.3727169930934906,-0.15063664317131042,0.9156370759010315,0,0,0.2040569931268692,0,1,0.6878498792648315,0.5011940598487854,-0.5250400900840759,0,-0.06539499014616013,0.7631908059120178,0.642855167388916,0,0.722900927066803,-0.4078528583049774,0.5577362179756165,0,0,0.09350799769163132,0,1,0.9685249328613281,0.24718810617923737,0.029295658692717552,0,-0.20008587837219238,0.7030999064445496,0.6823610663414001,0,0.14807367324829102,-0.6667448878288269,0.730428159236908,0,0,0.03336799889802933,0,1,0.9896280169487,-0.13724397122859955,0.04242703318595886,0,0.12165802717208862,0.9577749967575073,0.26050978899002075,0,-0.07638896256685257,-0.25264620780944824,0.9645379185676575,0,-0.0007980000227689743,0.03864999860525131,-0.01931699924170971,1,-0.07612830400466919,-0.011616691946983337,0.9970300197601318,0,-0.9894639849662781,-0.12262234091758728,-0.07697927951812744,0,0.12315230071544647,-0.9923850297927856,-0.00215930282138288,0,-0.05645899847149849,0.18507300317287445,-0.0002680000034160912,1,0.8836699724197388,-0.44441190361976624,0.14705418050289154,0,0.045548100024461746,0.3942839801311493,0.9178590178489685,0,-0.4658888876438141,-0.8043869137763977,0.36865925788879395,0,0,0.11397500336170197,0,1,0.9361239075660706,-0.35113638639450073,0.01937778852880001,0,0.35138648748397827,0.9361611008644104,-0.011407282203435898,0,-0.014135213568806648,0.017487715929746628,0.9997469782829285,0,0,0.3267349898815155,0,1,0.9962739944458008,-0.028186267241835594,-0.08151476085186005,0,0.03673277422785759,0.9937589764595032,0.10532510280609131,0,0.07803726196289062,-0.1079268604516983,0.9910910129547119,0,0,0.20520199835300446,0,1,0.9916899800300598,-0.06273289769887924,-0.11231791973114014,0,0.1239950880408287,0.6987937092781067,0.704494297504425,0,0.03429208695888519,-0.7125667333602905,0.7007652521133423,0,0,0.08449699729681015,0,1,0.9316030740737915,0.3209688663482666,0.17057113349437714,0,-0.36288711428642273,0.7945930361747742,0.48675984144210815,0,0.0207001194357872,-0.5153651237487793,0.8567209243774414,0,0,0.0311489999294281,0,1,0.9081429243087769,0.3659522235393524,0.2033580094575882,0,-0.41674375534057617,0.8365941047668457,0.35557690262794495,0,-0.04000399634242058,-0.40766310691833496,0.9122560024261475,0,0.01579499989748001,0.04596000164747238,-0.002400000113993883,1,-0.9407048225402832,-0.19105498492717743,0.28030630946159363,0,0.22511599957942963,-0.969735860824585,0.09452100843191147,0,0.25376468896865845,0.1520179957151413,0.9552460312843323,0,0.08352500200271606,-0.07456299662590027,-0.00027099999715574086,1,0.9916640520095825,0.09403384476900101,0.08808779716491699,0,-0.036530159413814545,0.8607890605926514,-0.507648766040802,0,-0.12356121093034744,0.5001992583274841,0.8570488691329956,0,0,0.3741450011730194,0,1,0.9590522050857544,-0.11570489406585693,-0.258516401052475,0,0.26859208941459656,0.08192509412765503,0.9597638845443726,0,-0.0898704081773758,-0.9898990392684937,0.10964784771203995,0,0,0.283378005027771,0,1,0.9705909490585327,0,-0.24073532223701477,0,0.10652384907007217,0.8967722058296204,0.4294797480106354,0,0.21588465571403503,-0.442493200302124,0.8703989386558533,0,0,0.13549700379371643,0,1,-0.9648479223251343,0.1061730831861496,-0.2404078245162964,0,-0.1359989494085312,-0.9844669699668884,0.11103802174329758,0,-0.22488419711589813,0.13982993364334106,0.9642999172210693,0,-0.08352500200271606,-0.07456299662590027,0.002302000066265464,1,0.9887059926986694,-0.08995091170072556,-0.11987406015396118,0,0.01780901663005352,0.8647029995918274,-0.5019679665565491,0,0.14880795776844025,0.49416396021842957,0.8565390110015869,0,0,0.37443000078201294,0,1,0.9662959575653076,0.07405474781990051,0.24655432999134064,0,-0.25349920988082886,0.10687664896249771,0.9614130258560181,0,0.044846292585134506,-0.9915109872817993,0.1220473125576973,0,0,0.28327998518943787,0,1,0.9760319590568542,0,0.21762731671333313,0,-0.09745796769857407,0.8941239714622498,0.43708691000938416,0,-0.1945856809616089,-0.4478200078010559,0.8726930618286133,0,0,0.1334020048379898,0,1
K0.100,0.9990280270576477,-0.02778466045856476,0.034229833632707596,0,0.028961336240172386,0.9989889860153198,-0.03437402844429016,0,-0.033240169286727905,0.03533197194337845,0.9988230466842651,0,-0.001117000007070601,0.7669039964675903,0.011912000365555286,1,0.999875009059906,0.01569283753633499,0.0019058672478422523,0,-0.01564415916800499,0.9996060132980347,-0.023323871195316315,0,-0.0022711327765136957,0.023291125893592834,0.9997259378433228,0,0,0.1341259926557541,-0.0034050000831484795,1,0.9997289776802063,0.02296716347336769,0.0037488758098334074,0,-0.022980835288763046,0.9997289776802063,0.0036459174007177353,0,-0.0036641238257288933,-0.0037310821935534477,0.9999859929084778,0,0,0.15653100609779358,0,1,0.9997289180755615,0.022966159507632256,0.0037573049776256084,0,-0.022979840636253357,0.9997289776802063,0.003639821894466877,0,-0.003672695020213723,-0.0037251783069223166,0.9999859929084778,0,0,0.17889299988746643,0,1,0.9999790191650391,0.002377787372097373,-0.006004801020026207,0,-0.002219212707132101,0.9996520280838013,0.026277931407094002,0,0.00606519915163517,-0.026264071464538574,0.9996370077133179,0,0,0.2012539952993393,0,1,0.9994490742683411,-0.004809271078556776,-0.032847169786691666,0,-0.0006062709726393223,0.986642062664032,-0.16290496289730072,0,0.03319183364510536,0.1628350168466568,0.9860949516296387,0,0,0.0920649990439415,0.0029670000076293945,1,-0.09734109789133072,0.005273105576634407,-0.9952369332313538,0,0.9941088557243347,-0.04737341031432152,-0.09748179465532303,0,-0.047661833465099335,-0.9988629221916199,-0.0006306255236268044,0,0.05645899847149849,0.18508100509643555,-0.0005530000198632479,1,0.7754340767860413,0.6035228371620178,-0.18563812971115112,0,-0.005565139930695295,0.300518274307251,0.9537599086761475,0,0.6314038634300232,-0.7385451197624207,0.23639090359210968,0,0,0.11397500336170197,0,1,0.9270079731941223,0.3746960461139679,-0.016111208125948906,0,-0.3748759925365448,0.9270200133323669,-0.01007380522787571,0,0.011160791851580143,0.015378194861114025,0.9998189806938171,0,0,0.32672300934791565,0,1,0.9232479333877563,-0.1583472043275833,0.35005608201026917,0,0.09265478700399399,0.9759921431541443,0.19711780548095703,0,-0.37286490201950073,-0.14955419301986694,0.9157540798187256,0,0,0.2040569931268692,0,1,0.6878279447555542,0.5015690922737122,-0.524709939956665,0,-0.06594085693359375,0.7630541920661926,0.6429617404937744,0,0.7228719592094421,-0.40764719247817993,0.5579238533973694,0,0,0.09350799769163132,0,1,0.9681881070137024,0.24846066534519196,0.02965804561972618,0,-0.2010403573513031,0.7018290758132935,0.6833878755569458,0,0.148980051279068,-0.6676101684570312,0.7294528484344482,0,0,0.03336799889802933,0,1,0.9896280169487,-0.13724389672279358,0.04242702201008797,0,0.12165810167789459,0.9577760696411133,0.26050978899002075,0,-0.07638897746801376,-0.25264620780944824,0.9645389318466187,0,-0.0007980000227689743,0.03864999860525131,-0.01931699924170971,1,-0.07616901397705078,-0.01165276300162077,0.9970269799232483,0,-0.9893940091133118,-0.12315495312213898,-0.07702523469924927,0,0.123686283826828,-0.9923189282417297,-0.0021486037876456976,0,-0.05645899847149849,0.18507300317287445,-0.0002680000034160912,1,0.8841338753700256,-0.44351932406425476,0.14696179330348969,0,0.04564063623547554,0.39501306414604187,0.917540967464447,0,-0.46499910950660706,-0.8045218586921692,0.3694870173931122,0,0,0.11397500336170197,0,1,0.9363358616828918,-0.3505712151527405,0.019371116533875465,0,0.35082074999809265,0.9363730549812317,-0.011389147490262985,0,-0.01414588000625372,0.017459850758314133,0.9997469782829285,0,0,0.3267349898815155,0,1,0.9963870048522949,-0.028613004833459854,-0.07996389269828796,0,0.03729699179530144,0.9933079481124878,0.10930827260017395,0,0.07630111277103424,-0.11189572513103485,0.990786075592041,0,0,0.20520199835300446,0,1,0.9916970133781433,-0.06284401565790176,-0.11219309270381927,0,0.1239519864320755,0.6994631886482239,0.7038378119468689,0,0.03424292057752609,-0.7119001150131226,0.7014448642730713,0,0,0.08449699729681015,0,1,0.931613028049469,0.32099902629852295,0.17046113312244415,0,-0.3628629744052887,0.7947713136672974,0.4864867031574249,0,0.020684126764535904,-0.5150713324546814,0.8568978905677795,0,0,0.0311489999294281,0,1,0.9081801176071167,0.3659910261631012,0.20312263071537018,0,-0.4166719317436218,0.8367329835891724,0.35533401370048523,0,-0.039910364896059036,-0.4073430001735687,0.9124029278755188,0,0.01579499989748001,0.04596000164747238,-0.002400000113993883,1,-0.9406471848487854,-0.19117093086242676,0.28042295575141907,0,0.22518306970596313,-0.9697470664978027,0.09425181895494461,0,0.2539210319519043,0.15180416405200958,0.9552379250526428,0,0.08352500200271606,-0.07456299662590027,-0.00027099999715574086,1,0.9916539192199707,0.09398315846920013,0.0882602408528328,0,-0.03640785068273544,0.8608312010765076,-0.5075857043266296,0,-0.12368174642324448,0.5001363158226013,0.8570688366889954,0,0,0.3741450011730194,0,1,0.9590619802474976,-0.11566151678562164,-0.25850197672843933,0,0.2685655355453491,0.08184614032506943,0.9597780704498291,0,-0.08985196799039841,-0.9899110198020935,0.10955818742513657,0,0,0.283378005027771,0,1,0.9705909490585327,0.0000010013912969952798,-0.24073517322540283,0,0.10652299225330353,0.8967710733413696,0.4294808506965637,0,0.21588480472564697,-0.44249415397644043,0.8703979253768921,0,0,0.13549700379371643,0,1,-0.9650239944458008,0.10572969913482666,-0.2398960441350937,0,-0.1355143040418625,-0.9845129251480103,0.1112244501709938,0,-0.2244209200143814,0.13984355330467224,0.9644060730934143,0,-0.08352500200271606,-0.07456299662590027,0.002302000066265464,1,0.9886531233787537,-0.09079848974943161,-0.11967003345489502,0,0.018683502450585365,0.8647851347923279,-0.5017938017845154,0,0.1490509808063507,0.49386417865753174,0.8566688895225525,0,0,0.37443000078201294,0,1,0.9662139415740967,0.07457898557186127,0.24671700596809387,0,-0.2537339925765991,0.10706598311662674,0.961329996585846,0,0.04528000205755234,-0.9914510250091553,0.12237187474966049,0,0,0.28327998518943787,0,1,0.9760319590568542,0,0.21762719750404358,0,-0.09745745360851288,0.894123911857605,0.43708691000938416,0,-0.19458578526973724,-0.4478199779987335,0.8726930618286133,0,0,0.1334020048379898,0,1
K0.133,0.9989930391311646,-0.027874156832695007,0.03516002744436264,0,0.029082851484417915,0.998987078666687,-0.03434703126549721,0,-0.03416699171066284,0.03533497080206871,0.998790979385376,0,-0.0010629994794726372,0.7669209837913513,0.011860999278724194,1,0.9998749494552612,0.015700802206993103,0.0019393404945731163,0,-0.015651199966669083,0.9996039867401123,-0.023380137979984283,0,-0.002305659931153059,0.02334686554968357,0.9997249841690063,0,0,0.1341259926557541,-0.0034050000831484795,1,0.9997280240058899,0.022989746183156967,0.0038121873512864113,0,-0.023003259673714638,0.9997289776802063,0.0035381342750042677,0,-0.0037298137322068214,-0.0036248653195798397,0.9999859929084778,0,0,0.15653100609779358,0,1,0.9997280240058899,0.022988740354776382,0.003821116406470537,0,-0.0230022631585598,0.9997289776802063,0.003532032947987318,0,-0.003738884348422289,-0.0036189670208841562,0.9999859929084778,0,0,0.17889299988746643,0,1,0.9999790191650391,0.0024467280600219965,-0.006059079430997372,0,-0.002282263245433569,0.9996329545974731,0.027003208175301552,0,0.006122921593487263,-0.026988796889781952,0.9996169805526733,0,0,0.2012539952993393,0,1,0.9994379281997681,-0.004734663292765617,-0.033194005489349365,0,-0.0007316441624425352,0.9866650104522705,-0.1627631038427353,0,0.033521994948387146,0.16269591450691223,0.9861069917678833,0,0,0.0920649990439415,0.0029670000076293945,1,-0.09715242683887482,0.005218628328293562,-0.9952560067176819,0,0.9941638112068176,-0.0466206930577755,-0.09729032218456268,0,-0.046907275915145874,-0.9988989233970642,-0.0006587951793335378,0,0.05645899847149849,0.18508100509643555,-0.0005530000198632479,1,0.7758479118347168,0.6032261848449707,-0.18487361073493958,0,-0.005708708893507719,0.2997220456600189,0.954008936882019,0,0.6308942437171936,-0.7391108870506287,0.2359824925661087,0,0,0.11397500336170197,0,1,0.9270259737968445,0.37464985251426697,-0.016110986471176147,0,-0.37483009696006775,0.9270389080047607,-0.010072058998048306,0,0.011162012815475464,0.015375939197838306,0.9998189806938171,0,0,0.32672300934791565,0,1,0.923258900642395,-0.16021816432476044,0.3491753041744232,0,0.0948818176984787,0.9758260250091553,0.19687695801258087,0,-0.3722776770591736,-0.148638054728508,0.9161421060562134,0,0,0.2040569931268692,0,1,0.6877798438072205,0.5020580291748047,-0.5243052840232849,0,-0.06687504053115845,0.7630151510238647,0.642912745475769,0,0.7228318452835083,-0.4071192145347595,0.5583611726760864,0,0,0.09350799769163132,0,1,0.9681970477104187,0.24842579662799835,0.029648087918758392,0,-0.20101425051689148,0.7018640041351318,0.6833589673042297,0,0.1489551067352295,-0.6675860285758972,0.7294800281524658,0,0,0.03336799889802933,0,1,0.9896280169487,-0.13724389672279358,0.04242702201008797,0,0.12165810167789459,0.9577760696411133,0.26050978899002075,0,-0.07638897746801376,-0.25264620780944824,0.9645389318466187,0,-0.0007980000227689743,0.03864999860525131,-0.01931699924170971,1,-0.07627520710229874,-0.01167480181902647,0.997018039226532,0,-0.989345908164978,-0.12347052246332169,-0.07713408768177032,0,0.12400298565626144,-0.9922800064086914,-0.002132660010829568,0,-0.05645899847149849,0.18507300317287445,-0.0002680000034160912,1,0.884663999080658,-0.4428241550922394,0.14586614072322845,0,0.04643788933753967,0.39499908685684204,0.9175068736076355,0,-0.46391093730926514,-0.8049110770225525,0.3700050413608551,0,0,0.11397500336170197,0,1,0.9367709159851074,-0.3494071364402771,0.019357100129127502,0,0.3496558964252472,0.9368090033531189,-0.011350683867931366,0,-0.014167899265885353,0.01740131713449955,0.9997479915618896,0,0,0.3267349898815155,0,1,0.9964280128479004,-0.028986932709813118,-0.07931336760520935,0,0.03773807734251022,0.9930850267410278,0.11116395145654678,0,0.0755426436662674,-0.11376005411148071,0.9906320571899414,0,0,0.20520199835300446,0,1,0.9916830062866211,-0.06283076852560043,-0.11232826113700867,0,0.12405923753976822,0.6990320682525635,0.7042458653450012,0,0.03427274525165558,-0.7123240232467651,0.7010129690170288,0,0,0.08449699729681015,0,1,0.9316190481185913,0.3210178017616272,0.1703929603099823,0,-0.362848162651062,0.7948809266090393,0.4863191246986389,0,0.02067498303949833,-0.5148909687995911,0.8570070266723633,0,0,0.0311489999294281,0,1,0.908202052116394,0.36601388454437256,0.2029850333929062,0,-0.4166301190853119,0.836814820766449,0.3551911413669586,0,-0.03985598683357239,-0.4071548581123352,0.9124890565872192,0,0.01579499989748001,0.04596000164747238,-0.002400000113993883,1,-0.9406561255455017,-0.19116485118865967,0.2803950011730194,0,0.22511416673660278,-0.9697840213775635,0.0940331295132637,0,0.25394701957702637,0.15157388150691986,0.9552680253982544,0,0.08352500200271606,-0.07456299662590027,-0.00027099999715574086,1,0.9915640354156494,0.09437095373868942,0.08885879814624786,0,-0.03645304962992668,0.8608770966529846,-0.5075047612190247,0,-0.12439021468162537,0.4999842941761017,0.8570548892021179,0,0,0.3741450011730194,0,1,0.9590359330177307,-0.11586125195026398,-0.25850605964660645,0,0.26858675479888916,0.08178882300853729,0.9597770571708679,0,-0.09005805104970932,-0.9898920059204102,0.10955721884965897,0,0,0.283378005027771,0,1,0.9705909490585327,0,-0.24073520302772522,0,0.10652334988117218,0.8967720866203308,0.42947980761528015,0,0.21588477492332458,-0.44249317049980164,0.8703988790512085,0,0,0.13549700379371643,0,1,-0.9650059938430786,0.1057361364364624,-0.23996619880199432,0,-0.13558386266231537,-0.9844771027565002,0.11145079880952835,0,-0.2244568020105362,0.14008618891239166,0.9643620252609253,0,-0.08352500200271606,-0.07456299662590027,0.002302000066265464,1,0.988671064376831,-0.09060092270374298,-0.11966847628355026,0,0.018540067598223686,0.8648841381072998,-0.5016297698020935,0,0.14894749224185944,0.4937282204627991,0.8567657470703125,0,0,0.37443000078201294,0,1,0.9660739898681641,0.0742892473936081,0.2473500370979309,0,-0.25434577465057373,0.10744819790124893,0.9611260294914246,0,0.044824015349149704,-0.991430938243866,0.12269801646471024,0,0,0.28327998518943787,0,1,0.9760319590568542,0,0.21762719750404358,0,-0.09745745360851288,0.894123911857605,0.43708691000938416,0,-0.19458578526973724,-0.4478199779987335,0.8726930618286133,0,0,0.1334020048379898,0,1
