1.000,30,29,41
B0,mixamorig_Hips,-1,0.9919409155845642,-0.005582628306001425,-0.12658093869686127,0,0.012536514550447464,0.9984509348869324,0.05420643091201782,0,0.12608224153518677,-0.055356465280056,0.9904743432998657,0,0.011943912133574486,0.7647045850753784,1.2071667909622192,1
B1,mixamorig_Spine,0,0.9998533725738525,0.005899489391595125,0.016076549887657166,0,-0.005978215951472521,0.9999703168869019,0.0048533845692873,0,-0.016047442331910133,-0.004948782734572887,0.999859094619751,0,0,0.13050800561904907,0.001221999991685152,1
B2,mixamorig_Spine1,1,0.9983973503112793,0.020658303052186966,0.052693989127874374,0,-0.020190497860312462,0.9997518062591553,-0.009394573047757149,0,-0.05287497118115425,0.008315596729516983,0.9985663890838623,0,0,0.1522659957408905,0,1
B3,mixamorig_Spine2,2,0.9983973503112793,0.020658303052186966,0.052693989127874374,0,-0.020190497860312462,0.9997518062591553,-0.009394573047757149,0,-0.05287497118115425,0.008315596729516983,0.9985663890838623,0,0,0.174017995595932,0,1
B4,mixamorig_Neck,3,0.9988462328910828,-0.044971857219934464,-0.016849808394908905,0,0.04472382739186287,0.9988895058631897,-0.014818589203059673,0,0.017497511580586433,0.014047902077436447,0.999748170375824,0,0,0.1957709938287735,0,1
B5,mixamorig_Head,4,0.9992895722389221,0.03767145797610283,-0.0008970221388153732,0,-0.03763793036341667,0.9989873766899109,0.024658817797899246,0,0.0018250481225550175,-0.024607546627521515,0.999695897102356,0,0,0.04804300144314766,0.007654999848455191,1
B6,mixamorig_HeadTop_End,5,1,0,0,0,0,1,0,0,0,0,1,0,0,0.3087869882583618,0.04920300096273422,1
B7,mixamorig_LeftShoulder,3,0.31029754877090454,-0.0012270493898540735,-0.950638473033905,0,0.8699089884757996,-0.4029109477996826,0.2844667136669159,0,-0.38337191939353943,-0.9152386784553528,-0.1239548921585083,0,0.06992100179195404,0.1714330017566681,0.00047400000039488077,1
B8,mixamorig_LeftArm,7,0.9899684190750122,-0.026785405352711678,0.13873013854026794,0,-0.06230734661221504,0.7984798550605774,0.598787784576416,0,-0.12681201100349426,-0.6014249324798584,0.7888010144233704,0,0,0.1502790004014969,0,1
B9,mixamorig_LeftForeArm,8,0.5533983707427979,0.8166180849075317,-0.16396909952163696,0,-0.7893120646476746,0.5770255327224731,0.20982933044433594,0,0.26596465706825256,0.013303548097610474,0.9638909697532654,0,0,0.264165997505188,0,1
B10,mixamorig_LeftHand,9,0.882712721824646,0.04994237422943115,-0.46725142002105713,0,-0.19987519085407257,0.9398091435432434,-0.27714431285858154,0,0.4252859354019165,0.33803078532218933,0.83956378698349,0,0,0.24352900683879852,0,1
B11,mixamorig_LeftHandThumb1,10,0.8994619846343994,0.40861645340919495,0.1549190729856491,0,-0.4349779188632965,0.8031068444252014,0.40720245242118835,0,0.04197307303547859,-0.4336495101451874,0.9001031517982483,0,-0.028666000813245773,0.05078500136733055,0,1
B12,mixamorig_LeftHandThumb2,11,0.9971529841423035,-0.07500594109296799,0.007688548881560564,0,0.07484205067157745,0.9970000386238098,0.019763635471463203,0,-0.00914787221699953,-0.019131937995553017,0.9997749924659729,0,-0.0036140000447630882,0.04651299864053726,0,1
B13,mixamorig_LeftHandThumb3,12,0.9701339602470398,0.24233008921146393,0.010826059617102146,0,-0.24231788516044617,0.9701939821243286,-0.002437066286802292,0,-0.01109394058585167,-0.0002590665826573968,0.9999380111694336,0,-0.0007169999880716205,0.030040999874472618,0,1
B14,mixamorig_LeftHandThumb4,13,1,0,0,0,0,1,0,0,0,0,1,0,0.0043310001492500305,0.01911200024187565,0,1
B15,mixamorig_LeftHandIndex1,10,0.9481292963027954,0.30352556705474854,0.09446462243795395,0,-0.3051520586013794,0.7857701182365417,0.5380030274391174,0,0.08907023817300797,-0.5389226078987122,0.8376333117485046,0,0,0.10704699903726578,0.0002589999930933118,1
B16,mixamorig_LeftHandIndex2,15,0.9378392696380615,0.27741116285324097,0.20856669545173645,0,-0.29916414618492126,0.34149667620658875,0.8909997940063477,0,0.17594853043556213,-0.8980107307434082,0.4032606780529022,0,0.0020630001090466976,0.041429001837968826,0,1
B17,mixamorig_LeftHandIndex3,16,0.9969300031661987,0.07817833125591278,-0.0042976075783371925,0,-0.07817867398262024,0.9969390034675598,0.00008332962897839025,0,0.004290970042347908,0.0002529076300561428,0.9999909996986389,0,-0.0023189999628812075,0.03904300183057785,0,1
B18,mixamorig_LeftHandIndex4,17,1,0,0,0,0,1,0,0,0,0,1,0,0.00025599999935366213,0.015521000139415264,0,1
B19,mixamorig_RightShoulder,3,0.04943506792187691,-0.03837646543979645,0.9980400204658508,0,-0.8876985311508179,-0.4596739113330841,0.026294296607375145,0,0.4577637314796448,-0.8872582316398621,-0.05679070204496384,0,-0.06992100179195404,0.17142799496650696,-0.000018000000636675395,1
B20,mixamorig_RightArm,19,0.8753759264945984,0.3738954961299896,0.306463360786438,0,-0.47141507267951965,0.5196450352668762,0.7125565409660339,0,0.107169508934021,-0.768226146697998,0.6311445832252502,0,0,0.1502790004014969,0,1
B21,mixamorig_RightForeArm,20,0.840671181678772,-0.4004385471343994,0.3645836412906647,0,0.3821637034416199,0.9156681299209595,0.12451136857271194,0,-0.3836965560913086,0.034657493233680725,0.9228082895278931,0,0,0.2641870081424713,0,1
B22,mixamorig_RightHand,21,0.8524147868156433,0.07393564283847809,0.517612099647522,0,-0.10441197454929352,0.9940831065177917,0.029953207820653915,0,-0.5123348236083984,-0.07957745343446732,0.8550909161567688,0,0,0.24348799884319305,0,1
B23,mixamorig_RightHandThumb1,22,0.8482947945594788,-0.493954598903656,-0.19080111384391785,0,0.5263939499855042,0.8257554173469543,0.20257513225078583,0,0.057492148131132126,-0.2722800374031067,0.9604989290237427,0,0.026616999879479408,0.051646001636981964,0,1
B24,mixamorig_RightHandThumb2,23,0.8915563225746155,0.14851133525371552,0.42786934971809387,0,-0.26607203483581543,0.9362466931343079,0.2294507920742035,0,-0.3665151000022888,-0.31841227412223816,0.8742310404777527,0,0.004387000110000372,0.04627399891614914,0,1
B25,mixamorig_RightHandThumb3,24,0.8648340702056885,-0.5020530223846436,0.002242850139737129,0,0.5020520687103271,0.8648369908332825,0.0010027849348261952,0,-0.0024431501515209675,0.00025878488668240607,0.9999969601631165,0,0.0031850000377744436,0.03016900084912777,0,1
B26,mixamorig_RightHandThumb4,25,1,0,0,0,0,1,0,0,0,0,1,0,-0.007571999914944172,0.017030000686645508,0,1
B27,mixamorig_RightHandIndex1,22,0.9791755676269531,-0.16961725056171417,-0.11155683547258377,0,0.20301462709903717,0.8181175589561462,0.5380228161811829,0,0.00000866888694872614,-0.5494664907455444,0.8355154991149902,0,0,0.10203699767589569,-0.000039999998989515007,1
B28,mixamorig_RightHandIndex2,27,0.9091041684150696,-0.3414320945739746,-0.23865029215812683,0,0.38412803411483765,0.4654485285282135,0.7973730564117432,0,-0.16116926074028015,-0.816567063331604,0.5542945861816406,0,0.0004910000134259462,0.042966000735759735,0,1
B29,mixamorig_RightHandIndex3,28,0.9995429515838623,-0.030221007764339447,-0.0007568714208900928,0,0.030220992863178253,0.9995430111885071,-0.0000199412606889382,0,0.0007571285241283476,-0.0000029412603907985613,0.9999999403953552,0,0.00009100000170292333,0.03691500052809715,0,1
B30,mixamorig_RightHandIndex4,29,1,0,0,0,0,1,0,0,0,0,1,0,-0.000582000007852912,0.021774999797344208,0,1
B31,mixamorig_LeftUpLeg,0,-0.9759904146194458,-0.1369507759809494,0.16937129199504852,0,0.091972716152668,-0.9640007019042969,-0.2494882047176361,0,0.19744163751602173,-0.22792057693004608,0.9534510970115662,0,0.09092699736356735,-0.07256600260734558,0.02645299956202507,1
B32,mixamorig_LeftLeg,31,0.9739682078361511,-0.09196105599403381,-0.20719189941883087,0,-0.08744252473115921,0.6908577084541321,-0.717683732509613,0,0.20913919806480408,0.7171189188957214,0.6648324728012085,0,0,0.4192889928817749,0,1
B33,mixamorig_LeftFoot,32,0.9413708448410034,0.17037762701511383,-0.2911922335624695,0,0.18178291618824005,0.47095146775245667,0.8632261157035828,0,0.284211665391922,-0.8655491471290588,0.4123680293560028,0,0,0.2589139938354492,0,1
B34,mixamorig_LeftToeBase,33,0.9654335975646973,0.1661181002855301,-0.20085734128952026,0,0.07349489629268646,0.5658400654792786,0.8212332129478455,0,0.2500746250152588,-0.8076075315475464,0.5340717434883118,0,0,0.14509999752044678,0,1
B35,mixamorig_LeftToe_End,34,1,0,0,0,0,1,0,0,0,0,1,0,0,0.06921099871397018,0,1
B36,mixamorig_RightUpLeg,0,-0.9959187507629395,-0.026254918426275253,-0.08634968847036362,0,-0.03004607744514942,-0.8057286739349365,0.5915225744247437,0,-0.0851047933101654,0.591702938079834,0.8016514778137207,0,-0.09092699736356735,-0.07256600260734558,0.02779100090265274,1
B37,mixamorig_RightLeg,36,0.9998418092727661,-0.013471352867782116,0.011601749807596207,0,0.017357325181365013,0.8808730244636536,-0.473034530878067,0,-0.0038472525775432587,0.47316107153892517,0.8809674382209778,0,0,0.4194909930229187,0,1
B38,mixamorig_RightFoot,37,0.9522278308868408,-0.03783218190073967,0.30303654074668884,0,-0.23937538266181946,0.5237180590629578,0.8175690174102783,0,-0.18963608145713806,-0.8510512113571167,0.4896426796913147,0,0,0.2589719891548157,0,1
B39,mixamorig_RightToeBase,38,0.9745755791664124,-0.051417864859104156,0.21807844936847687,0,-0.09574928134679794,0.7843877077102661,0.6128365993499756,0,-0.20256875455379486,-0.6181362867355347,0.7595217227935791,0,0,0.14532600343227386,0,1
B40,mixamorig_RightToe_End,39,1,0,0,0,0,1,0,0,0,0,1,0,0,0.06869500130414963,0,1
@34,0,1,2,3,4,5,7,8,9,10,11,12,13,15,16,17,19,20,21,22,23,24,25,27,28,29,31,32,33,34,36,37,38,39
K0,0.9989849328994751,-0.008701374754309654,-0.04419667646288872,0,0.009479625150561333,0.9998030066490173,0.017429858446121216,0,0.04403632506728172,-0.017831141129136086,0.9988710284233093,0,-0.0017229999648407102,0.8230040073394775,-0.027831999585032463,1,0.9998779892921448,-0.012707582674920559,-0.009055948816239834,0,0.01282141637057066,0.9998379945755005,0.012624714523553848,0,0.008894052356481552,-0.012739285826683044,0.999879002571106,0,0,0.13050800561904907,0.001221999991685152,1,0.9998890161514282,0.008641088381409645,-0.012106883339583874,0,-0.008558912202715874,0.9999399781227112,0.006823189090937376,0,0.01216511707752943,-0.006718810647726059,0.9999030232429504,0,0,0.1522659957408905,0,1,0.9998890161514282,0.008641088381409645,-0.012106883339583874,0,-0.008558912202715874,0.9999399781227112,0.006823189090937376,0,0.01216511707752943,-0.006718810647726059,0.9999030232429504,0,0,0.174017995595932,0,1,0.9997460246086121,-0.021007826551795006,0.008154901675879955,0,0.021083172410726547,0.9997350573539734,-0.00926521047949791,0,-0.00795809831470251,0.00943478848785162,0.9999240636825562,0,0,0.1957709938287735,0,1,0.9980499744415283,0.030730120837688446,0.05432185158133507,0,-0.0332498773932457,0.9983829855918884,0.04610685631632805,0,-0.052817147225141525,-0.04782314598560333,0.9974579215049744,0,0,0.04804300144314766,0.007654999848455191,1,0.2623105049133301,0.008986333385109901,-0.964942216873169,0,0.8837887644767761,-0.4037196934223175,0.23648999631404877,0,-0.3874409794807434,-0.9148390889167786,-0.11384202539920807,0,0.06992100179195404,0.1714330017566681,0.00047400000039488077,1,0.9879419207572937,-0.09510877728462219,0.12216828763484955,0,-0.01624278724193573,0.7210500240325928,0.6926929354667664,0,-0.15397068858146667,-0.6863250732421875,0.7108110785484314,0,0,0.1502790004014969,0,1,0.8057480454444885,0.5297006964683533,-0.2649274170398712,0,-0.47564828395843506,0.8452798128128052,0.24343498051166534,0,0.35288557410240173,-0.07013501226902008,0.9330341219902039,0,0,0.264165997505188,0,1,0.8116921782493591,0.07955075800418854,-0.5786427855491638,0,-0.22365021705627441,0.9575088620185852,-0.18208913505077362,0,0.5395702123641968,0.27721384167671204,0.7949938774108887,0,0,0.24352900683879852,0,1,0.8994620442390442,0.408616840839386,0.15491916239261627,0,-0.434978187084198,0.8031067252159119,0.40720248222351074,0,0.04197315499186516,-0.43364953994750977,0.9001031517982483,0,-0.028666000813245773,0.05078500136733055,0,1,0.9971529841423035,-0.07500594854354858,0.007688848301768303,0,0.07484205812215805,0.9970000386238098,0.019763357937335968,0,-0.00914815068244934,-0.01913163997232914,0.9997749924659729,0,-0.0036140000447630882,0.04651299864053726,0,1,0.9701339602470398,0.24233008921146393,0.010826059617102146,0,-0.24231788516044617,0.9701939821243286,-0.002437066286802292,0,-0.01109394058585167,-0.0002590665826573968,0.9999380111694336,0,-0.0007169999880716205,0.030040999874472618,0,1,0.9449059963226318,0.3011057674884796,0.12840838730335236,0,-0.3123262822628021,0.7118479013442993,0.629067063331604,0,0.09800837934017181,-0.6345139741897583,0.7666719555854797,0,0,0.10704699903726578,0.0002589999930933118,1,0.9129388928413391,0.30480480194091797,0.2713623344898224,0,-0.33285918831825256,0.1714421510696411,0.9272608757019043,0,0.2361103743314743,-0.9368568658828735,0.25797298550605774,0,0.0020630001090466976,0.041429001837968826,0,1,0.9969300627708435,0.07817783206701279,-0.0042978269048035145,0,-0.07817817479372025,0.9969390034675598,0.00008312582212965935,0,0.004291173070669174,0.00025312582147307694,0.9999909996986389,0,-0.0023189999628812075,0.03904300183057785,0,1,0.12979406118392944,-0.024556118994951248,0.9912370443344116,0,-0.9002780318260193,-0.4218510389328003,0.10743320733308792,0,0.4155161380767822,-0.9063329696655273,-0.0768611803650856,0,-0.06992100179195404,0.17142799496650696,-0.000018000000636675395,1,0.9477699398994446,0.3173852562904358,-0.031600773334503174,0,-0.1889767199754715,0.6385930180549622,0.7459800839424133,0,0.2569432258605957,-0.7010459303855896,0.6652179956436157,0,0,0.1502790004014969,0,1,0.8875889182090759,-0.4217272996902466,0.1852908432483673,0,0.3687937259674072,0.8916110396385193,0.26271936297416687,0,-0.2760031521320343,-0.16485261917114258,0.94691401720047,0,0,0.2641870081424713,0,1,0.727747917175293,-0.008778465911746025,0.6857889890670776,0,0.10196352750062943,0.9901909232139587,-0.0955270305275917,0,-0.6782230734825134,0.1394449770450592,0.7215039730072021,0,0,0.24348799884319305,0,1,0.9077139496803284,-0.3947939872741699,-0.1421000361442566,0,0.41565901041030884,0.8923170566558838,0.1760597825050354,0,0.05729097127914429,-0.21887721121311188,0.9740689396858215,0,0.026616999879479408,0.051646001636981964,0,1,0.9049718379974365,0.13324092328548431,0.40407028794288635,0,-0.2298460751771927,0.9522960782051086,0.20075571537017822,0,-0.35804566740989685,-0.27455222606658936,0.8924260139465332,0,0.004387000110000372,0.04627399891614914,0,1,0.8648340702056885,-0.5020530223846436,0.002242850139737129,0,0.5020520687103271,0.8648369908332825,0.0010027849348261952,0,-0.0024431501515209675,0.00025878488668240607,0.9999969601631165,0,0.0031850000377744436,0.03016900084912777,0,1,0.9720619320869446,-0.19559018313884735,-0.12976935505867004,0,0.23422883450984955,0.7723790407180786,0.5903950333595276,0,-0.015244354493916035,-0.6042969822883606,0.7966140508651733,0,0,0.10203699767589569,-0.000039999998989515007,1,0.8935808539390564,-0.35799503326416016,-0.27083632349967957,0,0.4056728482246399,0.385672003030777,0.8286659717559814,0,-0.1922043263912201,-0.8503509163856506,0.489857941865921,0,0.0004910000134259462,0.042966000735759735,0,1,0.9995429515838623,-0.030221007764339447,-0.0007568714208900928,0,0.030220992863178253,0.9995430111885071,-0.0000199412606889382,0,0.0007571285241283476,-0.0000029412603907985613,0.9999999403953552,0,0.00009100000170292333,0.03691500052809715,0,1,-0.9889859557151794,-0.04167386516928673,0.142022967338562,0,0.07961113750934601,-0.9586949944496155,0.273066908121109,0,0.12477699667215347,0.2813660502433777,0.9514539241790771,0,0.09092699736356735,-0.07256600260734558,0.02645299956202507,1,0.9997519850730896,-0.006489323917776346,-0.02131025120615959,0,-0.016998324543237686,0.39605820178985596,-0.9180679321289062,0,0.014397748745977879,0.9182029962539673,0.39584991335868835,0,0,0.4192889928817749,0,1,0.9587460160255432,0.08287616074085236,-0.27191463112831116,0,0.23482318222522736,0.3081752359867096,0.9218929409980774,0,0.1602003127336502,-0.9477130770683289,0.2760005295276642,0,0,0.2589139938354492,0,1,0.9693880081176758,0.003656663466244936,-0.24550704658031464,0,0.13628767430782318,0.8237009644508362,0.5504022240638733,0,0.2042369544506073,-0.5670127272605896,0.797987163066864,0,0,0.14509999752044678,0,1,-0.9887961149215698,-0.05616001784801483,-0.13830509781837463,0,0.041553985327482224,-0.9934630393981934,0.10631915926933289,0,-0.14337189495563507,0.09938084334135056,0.9846659898757935,0,-0.09092699736356735,-0.07256600260734558,0.02779100090265274,1,0.9903029799461365,0.035733725875616074,0.1342518925666809,0,-0.00007327490311581641,0.9664889574050903,-0.25670912861824036,0,-0.13892607390880585,0.25420981645584106,0.9571189880371094,0,0,0.4194909930229187,0,1,0.9456749558448792,-0.16275718808174133,0.2814391851425171,0,-0.20062819123268127,0.3890267610549927,0.8991140127182007,0,-0.25582483410835266,-0.9067348837852478,0.3352394104003906,0,0,0.2589719891548157,0,1,0.9762870073318481,-0.03781390190124512,0.2131531983613968,0,-0.0954229012131691,0.8086409568786621,0.5805120468139648,0,-0.19431579113006592,-0.5870859026908875,0.7858571410179138,0,0,0.14532600343227386,0,1
K0.034,0.9996598958969116,-0.011694204993546009,-0.02332470193505287,0,0.01210513524711132,0.9997729659080505,0.017555098980665207,0,0.023114090785384178,-0.017831459641456604,0.9995735287666321,0,-0.0018247556872665882,0.8263605237007141,0.019605718553066254,1,0.9998409748077393,-0.013292060233652592,-0.011860649101436138,0,0.013446658849716187,0.9998242259025574,0.013051273301243782,0,0.011685098521411419,-0.013208698481321335,0.9998449683189392,0,0,0.13050800561904907,0.001221999991685152,1,0.9997153282165527,0.002451922046020627,-0.02371927909553051,0,-0.0022720391862094402,0.9999682903289795,0.0076078022830188274,0,0.02373720332980156,-0.007551752030849457,0.999690055847168,0,0,0.1522659957408905,0,1,0.9997153282165527,0.002451922046020627,-0.02371927909553051,0,-0.0022720391862094402,0.9999682903289795,0.0076078022830188274,0,0.02373720332980156,-0.007551752030849457,0.999690055847168,0,0,0.174017995595932,0,1,0.9999120831489563,-0.007504527922719717,0.010917218402028084,0,0.007503311615437269,0.9999716281890869,0.0001523360697319731,0,-0.010918057523667812,-0.00007040740456432104,0.9999405145645142,0,0,0.1957709938287735,0,1,0.9983311295509338,0.02460256963968277,0.052239879965782166,0,-0.02664325386285782,0.9988939762115479,0.038733433932065964,0,-0.05122921243309975,-0.040060680359601974,0.9978834986686707,0,0,0.04804300144314766,0.007654999848455191,1,0.24126793444156647,0.014403688721358776,-0.9703513383865356,0,0.894440770149231,-0.3912374973297119,0.2165861278772354,0,-0.37651804089546204,-0.9201768636703491,-0.10727633535861969,0,0.06992100179195404,0.1714330017566681,0.00047400000039488077,1,0.9826939105987549,-0.1675664335489273,0.07896102219820023,0,0.057470276951789856,0.6810269951820374,0.7300002574920654,0,-0.17609794437885284,-0.7128281593322754,0.6788704991340637,0,0,0.1502790004014969,0,1,0.8229548931121826,0.5070934295654297,-0.2561280429363251,0,-0.46122342348098755,0.8595958948135376,0.2199265956878662,0,0.33169007301330566,-0.06285744160413742,0.941292405128479,0,0,0.264165997505188,0,1,0.7881391644477844,0.09701554477214813,-0.6078023910522461,0,-0.2398490309715271,0.9578459858894348,-0.15812450647354126,0,0.5668408870697021,0.270405113697052,0.7781855463981628,0,0,0.24352900683879852,0,1,0.8994620442390442,0.408616840839386,0.1549191176891327,0,-0.434978187084198,0.8031068444252014,0.40720224380493164,0,0.04197312146425247,-0.4336496889591217,0.9001041054725647,0,-0.028666000813245773,0.05078500136733055,0,1,0.9971529841423035,-0.07500594854354858,0.007688347715884447,0,0.07484206557273865,0.9970000386238098,0.01976335607469082,0,-0.009147651493549347,-0.019131675362586975,0.9997749924659729,0,-0.0036140000447630882,0.04651299864053726,0,1,0.9701339602470398,0.24233008921146393,0.010826059617102146,0,-0.24231788516044617,0.9701939821243286,-0.002437066286802292,0,-0.01109394058585167,-0.0002590665826573968,0.9999380111694336,0,-0.0007169999880716205,0.030040999874472618,0,1,0.9466862082481384,0.29854756593704224,0.12105701863765717,0,-0.3083287477493286,0.7307340502738953,0.6090659499168396,0,0.09337463229894638,-0.6139194369316101,0.7838262915611267,0,0,0.10704699903726578,0.0002589999930933118,1,0.9209681153297424,0.2976018190383911,0.25149545073509216,0,-0.3236636221408844,0.22496408224105835,0.9190391302108765,0,0.21693050861358643,-0.9278064370155334,0.30350789427757263,0,0.0020630001090466976,0.041429001837968826,0,1,0.9969300627708435,0.07817783206701279,-0.004297809675335884,0,-0.07817817479372025,0.9969390034675598,0.00008312515274155885,0,0.004291155841201544,0.00025312515208497643,0.9999909996986389,0,-0.0023189999628812075,0.03904300183057785,0,1,0.143044576048851,-0.023012129589915276,0.9894481897354126,0,-0.9044114351272583,-0.4090743064880371,0.12123671919107437,0,0.40196818113327026,-0.9122110605239868,-0.07932830601930618,0,-0.06992100179195404,0.17142799496650696,-0.000018000000636675395,1,0.9330343008041382,0.34958377480506897,-0.08507924526929855,0,-0.17159265279769897,0.6402130126953125,0.748787522315979,0,0.3162327706813812,-0.6840453743934631,0.6573266386985779,0,0,0.1502790004014969,0,1,0.8118934035301208,-0.5716916918754578,0.1183103546500206,0,0.5205497741699219,0.8006500005722046,0.2966268062591553,0,-0.26430439949035645,-0.17924298346042633,0.9476368427276611,0,0,0.2641870081424713,0,1,0.6909061670303345,0.07081127911806107,0.7194681167602539,0,-0.009544920176267624,0.9959977865219116,-0.08886180073022842,0,-0.7228812575340271,0.05452790856361389,0.6888170838356018,0,0,0.24348799884319305,0,1,0.9010787010192871,-0.4085942804813385,-0.1452854722738266,0,0.43042078614234924,0.8835164904594421,0.18476209044456482,0,0.05286936089396477,-0.22901903092861176,0.9719851613044739,0,0.026616999879479408,0.051646001636981964,0,1,0.9114827513694763,0.1341191530227661,0.38885852694511414,0,-0.2244735062122345,0.9543597102165222,0.19700174033641815,0,-0.344689279794693,-0.2668522000312805,0.8999888300895691,0,0.004387000110000372,0.04627399891614914,0,1,0.8648340702056885,-0.5020530223846436,0.002242850139737129,0,0.5020520687103271,0.8648369908332825,0.0010027849348261952,0,-0.0024431501515209675,0.00025878488668240607,0.9999969601631165,0,0.0031850000377744436,0.03016900084912777,0,1,0.968957781791687,-0.20525524020195007,-0.1378091722726822,0,0.24623604118824005,0.7513813972473145,0.6122042536735535,0,-0.022110875695943832,-0.6271334290504456,0.7785977721214294,0,0,0.10203699767589569,-0.000039999998989515007,1,0.8899397253990173,-0.3613680303096771,-0.2782469093799591,0,0.41000092029571533,0.3666665554046631,0.8351377844810486,0,-0.1997680366039276,-0.8573028445243835,0.4744718372821808,0,0.0004910000134259462,0.042966000735759735,0,1,0.9995429515838623,-0.030221007764339447,-0.0007568714208900928,0,0.030220992863178253,0.9995430111885071,-0.0000199412606889382,0,0.0007571285241283476,-0.0000029412603907985613,0.9999999403953552,0,0.00009100000170292333,0.03691500052809715,0,1,-0.9903790950775146,-0.025124071165919304,0.13607986271381378,0,0.0730687603354454,-0.9300577640533447,0.36007487773895264,0,0.11751558631658554,0.36655381321907043,0.9229456186294556,0,0.09092699736356735,-0.07256600260734558,0.02645299956202507,1,0.9996846318244934,0.023212900385260582,0.009616936556994915,0,-0.0038040762301534414,0.5181600451469421,-0.8552747368812561,0,-0.024836519733071327,0.8549684882164001,0.5180850028991699,0,0,0.4192889928817749,0,1,0.9584305286407471,0.09059023857116699,-0.2705615758895874,0,0.232954740524292,0.29908549785614014,0.9253536462783813,0,0.1647491306066513,-0.9499163627624512,0.2655493915081024,0,0,0.2589139938354492,0,1,0.9763021469116211,0.022778866812586784,-0.21520927548408508,0,0.10781978815793991,0.8110378980636597,0.5749714970588684,0,0.18764010071754456,-0.5845497846603394,0.7893621325492859,0,0,0.14509999752044678,0,1,-0.9867619872093201,-0.05350279062986374,-0.15309341251850128,0,0.049770429730415344,-0.9983649849891663,0.028111867606639862,0,-0.1543472558259964,0.02012021094560623,0.9878120422363281,0,-0.09092699736356735,-0.07256600260734558,0.02779100090265274,1,0.9883870482444763,0.03794482722878456,0.14714457094669342,0,-0.003484250046312809,0.9737266302108765,-0.22769509255886078,0,-0.15191839635372162,0.2245381474494934,0.9625507593154907,0,0,0.4194909930229187,0,1,0.9432448744773865,-0.1770104020833969,0.2809928357601166,0,-0.19727182388305664,0.382013738155365,0.9028558135032654,0,-0.2671579420566559,-0.907045841217041,0.3254132568836212,0,0,0.2589719891548157,0,1,0.9755584597587585,-0.04118059575557709,0.21584899723529816,0,-0.0950532779097557,0.8065435290336609,0.5834818482398987,0,-0.19811972975730896,-0.5897377729415894,0.7829160094261169,0,0,0.14532600343227386,0,1
K0.069,0.9997808337211609,-0.02020605467259884,-0.00554149504750967,0,0.020289193838834763,0.9996762871742249,0.015380802564322948,0,0.0052289096638560295,-0.015489843674004078,0.9998658895492554,0,-0.001460283063352108,0.8239330649375916,0.06711641699075699,1,0.9998328685760498,-0.01068684458732605,-0.014812245033681393,0,0.010909092612564564,0.9998276829719543,0.015005660243332386,0,0.014649330638349056,-0.015164743177592754,0.9997772574424744,0,0,0.13050800561904907,0.001221999991685152,1,0.999432384967804,-0.0008060906548053026,-0.033681709319353104,0,0.0011910330504179,0.9999344348907471,0.011410325765609741,0,0.03367028012871742,-0.01144395675510168,0.9993671178817749,0,0,0.1522659957408905,0,1,0.999432384967804,-0.0008060906548053026,-0.033681709319353104,0,0.0011910330504179,0.9999344348907471,0.011410325765609741,0,0.03367028012871742,-0.01144395675510168,0.9993671178817749,0,0,0.174017995595932,0,1,0.9998375177383423,0.009854363277554512,0.015062257647514343,0,-0.00988700706511736,0.9999485015869141,0.0020942403934895992,0,-0.015040860511362553,-0.0022428231313824654,0.9998844861984253,0,0,0.1957709938287735,0,1,0.9987838268280029,0.013097401708364487,0.04753098636865616,0,-0.014806563034653664,0.9992495179176331,0.035786837339401245,0,-0.047026634216308594,-0.036447104066610336,0.9982288479804993,0,0,0.04804300144314766,0.007654999848455191,1,0.23140576481819153,0.016130462288856506,-0.9727230668067932,0,0.8959378600120544,-0.3931961953639984,0.20661859214305878,0,-0.37913861870765686,-0.9193130731582642,-0.10543978214263916,0,0.06992100179195404,0.1714330017566681,0.00047400000039488077,1,0.9743170142173767,-0.22476579248905182,0.013698464259505272,0,0.14168241620063782,0.6591758131980896,0.7385206818580627,0,-0.17502380907535553,-0.7176121473312378,0.6740913391113281,0,0,0.1502790004014969,0,1,0.8151184916496277,0.5140542984008789,-0.2670760452747345,0,-0.46798619627952576,0.8560646176338196,0.21941137313842773,0,0.34142398834228516,-0.05385841429233551,0.9383651614189148,0,0,0.264165997505188,0,1,0.8013061285018921,0.09456316381692886,-0.5907343626022339,0,-0.23327156901359558,0.9586591124534607,-0.16296342015266418,0,0.5509021878242493,0.2683849632740021,0.7902378439903259,0,0,0.24352900683879852,0,1,0.8994620442390442,0.408616840839386,0.15491916239261627,0,-0.434978187084198,0.8031067252159119,0.40720248222351074,0,0.04197315499186516,-0.43364953994750977,0.9001031517982483,0,-0.028666000813245773,0.05078500136733055,0,1,0.9971529841423035,-0.07500594109296799,0.007688365411013365,0,0.07484205067157745,0.996999979019165,0.019763804972171783,0,-0.00914770271629095,-0.01913212239742279,0.9997749924659729,0,-0.0036140000447630882,0.04651299864053726,0,1,0.9701338410377502,0.24233007431030273,0.010826057754456997,0,-0.24231790006160736,0.9701939821243286,-0.0024370665196329355,0,-0.01109394058585167,-0.0002590666408650577,0.9999380111694336,0,-0.0007169999880716205,0.030040999874472618,0,1,0.9489122629165649,0.29476794600486755,0.1125907227396965,0,-0.30303606390953064,0.7518749833106995,0.5855364203453064,0,0.08794328570365906,-0.589742124080658,0.8027892708778381,0,0,0.10704699903726578,0.0002589999930933118,1,0.9294527173042297,0.28837424516677856,0.23012426495552063,0,-0.3122917115688324,0.2828214466571808,0.9069100022315979,0,0.1964455097913742,-0.9147964119911194,0.35292625427246094,0,0.0020630001090466976,0.041429001837968826,0,1,0.9969300031661987,0.07817786186933517,-0.004297360777854919,0,-0.07817821204662323,0.9969390034675598,0.00008310766861541197,0,0.0042907074093818665,0.00025310766068287194,0.9999909996986389,0,-0.0023189999628812075,0.03904300183057785,0,1,0.15046803653240204,-0.023303503170609474,0.9883406162261963,0,-0.9117448329925537,-0.3897700905799866,0.12961675226688385,0,0.3822050988674164,-0.9206177592277527,-0.07989486306905746,0,-0.06992100179195404,0.17142799496650696,-0.000018000000636675395,1,0.9430481791496277,0.29724112153053284,-0.14935658872127533,0,-0.09140806645154953,0.6632463335990906,0.7427986264228821,0,0.3198503851890564,-0.6868422627449036,0.6526432633399963,0,0,0.1502790004014969,0,1,0.7676191329956055,-0.6353167295455933,0.08446494489908218,0,0.5856961011886597,0.7488858699798584,0.3100478947162628,0,-0.2602332830429077,-0.18852795660495758,0.9469618797302246,0,0,0.2641870081424713,0,1,0.6915286779403687,0.13641154766082764,0.7093521356582642,0,-0.08363732695579529,0.9905228614807129,-0.10894610732793808,0,-0.7174906730651855,0.016011035069823265,0.6963837146759033,0,0,0.24348799884319305,0,1,0.8924330472946167,-0.42594754695892334,-0.14876990020275116,0,0.44867128133773804,0.8725623488426208,0.1932063102722168,0,0.04751529172062874,-0.2391725480556488,0.9698141813278198,0,0.026616999879479408,0.051646001636981964,0,1,0.9146076440811157,0.12901076674461365,0.38320982456207275,0,-0.2144319862127304,0.9582415223121643,0.18918532133102417,0,-0.34280070662498474,-0.2552028298377991,0.9040793180465698,0,0.004387000110000372,0.04627399891614914,0,1,0.8648340702056885,-0.5020530223846436,0.002242850139737129,0,0.5020520687103271,0.8648369908332825,0.0010027849348261952,0,-0.0024431501515209675,0.00025878488668240607,0.9999969601631165,0,0.0031850000377744436,0.03016900084912777,0,1,0.9664280414581299,-0.2127733677625656,-0.14403049647808075,0,0.25543636083602905,0.7351101040840149,0.6279850602149963,0,-0.02774020843207836,-0.6436928510665894,0.7647809386253357,0,0,0.10203699767589569,-0.000039999998989515007,1,0.8861830234527588,-0.36465784907341003,-0.28583934903144836,0,0.4143427312374115,0.34760525822639465,0.8411245942115784,0,-0.20736339688301086,-0.863825798034668,0.4591352045536041,0,0.0004910000134259462,0.042966000735759735,0,1,0.9995429515838623,-0.030221007764339447,-0.0007568708970211446,0,0.030220992863178253,0.9995430111885071,-0.00001997573781409301,0,0.0007571290479972959,-0.0000029067825835227268,0.9999999403953552,0,0.00009100000170292333,0.03691500052809715,0,1,-0.9925273656845093,-0.020373813807964325,0.12030934542417526,0,0.06975771486759186,-0.9036976099014282,0.4224499464035034,0,0.10011637955904007,0.4276857376098633,0.8983660936355591,0,0.09092699736356735,-0.07256600260734558,0.02645299956202507,1,0.9975945353507996,0.05123089626431465,0.046688877046108246,0,0.00048667084774933755,0.668389618396759,-0.7438110113143921,0,-0.06931246817111969,0.7420445680618286,0.6667569279670715,0,0,0.4192889928817749,0,1,0.957449734210968,0.09884050488471985,-0.2711455821990967,0,0.22958171367645264,0.30844876170158386,0.9231209754943848,0,0.17487628757953644,-0.9460921883583069,0.27263227105140686,0,0,0.2589139938354492,0,1,0.9882684946060181,0.05675996094942093,-0.14179018139839172,0,0.04151071980595589,0.7936056852340698,0.6070148944854736,0,0.14697952568531036,-0.6057790517807007,0.7819387316703796,0,0,0.14509999752044678,0,1,-0.9845936298370361,-0.04775414615869522,-0.16820941865444183,0,0.05497366189956665,-0.9977442026138306,-0.03852519765496254,0,-0.16599024832248688,-0.04717875272035599,0.9849978685379028,0,-0.09092699736356735,-0.07256600260734558,0.02779100090265274,1,0.9856348037719727,0.051821742206811905,0.16074667870998383,0,-0.012270249426364899,0.9712204337120056,-0.23786711692810059,0,-0.1684470772743225,0.232477605342865,0.9579041004180908,0,0,0.4194909930229187,0,1,0.9403529763221741,-0.19788150489330292,0.27673038840293884,0,-0.1959269791841507,0.34998226165771484,0.9160377979278564,0,-0.2781175374984741,-0.9156172871589661,0.29033640027046204,0,0,0.2589719891548157,0,1,0.9756436944007874,-0.04376143589615822,0.2149517983198166,0,-0.09299302846193314,0.8049796223640442,0.5859692096710205,0,-0.1986747682094574,-0.591686487197876,0.7813041806221008,0,0,0.14532600343227386,0,1
