1.000,30,29,33
B0,mixamorig_Hips,-1,0.9903548955917358,0.05904996767640114,-0.12534061074256897,0,-0.052863914519548416,0.9972410202026367,0.0521220862865448,0,0.12807254493236542,-0.04499334469437599,0.9907436966896057,0,0.014440187253057957,0.742782473564148,0.9721709489822388,1
B1,mixamorig_Spine,0,0.9906729459762573,-0.07361672818660736,0.11466425657272339,0,0.06925986707210541,0.9967334270477295,0.04153329133987427,0,-0.11734721064567566,-0.033204272389411926,0.9925353527069092,0,0,0.1341259926557541,-0.0034050000831484795,1
B2,mixamorig_Spine1,1,0.9889214038848877,0.04532144218683243,0.1413545310497284,0,-0.05119745433330536,0.997957170009613,0.03821171075105667,0,-0.13933397829532623,-0.04502537474036217,0.9892216324806213,0,0,0.15653100609779358,0,1
B3,mixamorig_Spine2,2,0.9889184832572937,0.049726493656635284,0.13988733291625977,0,-0.05516408383846283,0.9978545308113098,0.03526390343904495,0,-0.13783352077007294,-0.04258983954787254,0.989538848400116,0,0,0.17889299988746643,0,1
B4,mixamorig_Neck,3,0.9948983788490295,-0.037946950644254684,-0.09347577393054962,0,0.039740461856126785,0.9990586638450623,0.017400115728378296,0,0.09272744506597519,-0.02102610468864441,0.9954692721366882,0,0,0.2012539952993393,0,1
B5,mixamorig_Head,4,0.9817556738853455,-0.047867611050605774,-0.18402178585529327,0,0.03331296890974045,0.9961255788803101,-0.08138685673475266,0,0.18720465898513794,0.07377170771360397,0.9795467853546143,0,0,0.0920649990439415,0.0029670000076293945,1
B6,mixamorig_HeadTop_End,5,1,0,0,0,0,1,0,0,0,0,1,0,0,0.2851350009441376,0.009189999662339687,1
B7,mixamorig_LeftShoulder,3,0.18497499823570251,0.00403229333460331,-0.9827349781990051,0,0.9685255885124207,-0.17023147642612457,0.18160200119018555,0,-0.1665600687265396,-0.9853955507278442,-0.035393983125686646,0,0.05645899847149849,0.18508100509643555,-0.0005530000198632479,1
B8,mixamorig_LeftArm,7,0.8196545243263245,0.5710589289665222,-0.04536302015185356,0,-0.40712061524391174,0.6363947987556458,0.6551753282546997,0,0.4030127227306366,-0.5185494422912598,0.7541140913963318,0,0,0.11397500336170197,0,1
B9,mixamorig_LeftForeArm,8,0.5217354893684387,0.8526791930198669,-0.027001649141311646,0,-0.8530893325805664,0.5212604999542236,-0.022923074662685394,0,-0.005471137817949057,0.03499462455511093,0.9993723034858704,0,0,0.32672300934791565,0,1
B10,mixamorig_LeftHand,9,0.9996031522750854,-0.026275547221302986,-0.0101877860724926,0,0.022709468379616737,0.9650982022285461,-0.2609032392501831,0,0.01668757200241089,0.2605680823326111,0.9653109312057495,0,0,0.2040569931268692,0,1
B11,mixamorig_LeftHandIndex1,10,0.6828076243400574,0.28110402822494507,-0.6743550896644592,0,-0.06569089740514755,0.9429006576538086,0.32653266191482544,0,0.7276390790939331,-0.17865988612174988,0.662285327911377,0,0,0.09350799769163132,0,1
B12,mixamorig_LeftHandIndex2,11,0.9865861535072327,0.1629752516746521,0.009358813054859638,0,-0.13516360521316528,0.7833885550498962,0.6066573858261108,0,0.09153851866722107,-0.5997844934463501,0.7949082851409912,0,0,0.03336799889802933,0,1
B13,mixamorig_LeftHandIndex3,12,0.9982569813728333,0.025832446292042732,-0.05305495485663414,0,-0.0004175462818238884,0.9021583199501038,0.43140435218811035,0,0.059008240699768066,-0.43063050508499146,0.9005972146987915,0,-0.0007980000227689743,0.03864999860525131,-0.01931699924170971,1
B14,mixamorig_LeftHandIndex4,13,1,0,0,0,0,1,0,0,0,0,1,0,-0.004075000062584877,0.018873000517487526,-0.016798999160528183,1
B15,mixamorig_RightShoulder,3,0.035014789551496506,-0.009982564486563206,0.9993370771408081,0,-0.985601544380188,-0.16585911810398102,0.03287673741579056,0,0.16542094945907593,-0.9860993027687073,-0.01564636267721653,0,-0.05645899847149849,0.18507300317287445,-0.0002680000034160912,1
B16,mixamorig_RightArm,15,0.9279893040657043,-0.2158304750919342,0.303732305765152,0,-0.18787822127342224,0.43290600180625916,0.8816425204277039,0,-0.32177290320396423,-0.8752196431159973,0.3611823618412018,0,0,0.11397500336170197,0,1
B17,mixamorig_RightForeArm,16,0.9833637475967407,-0.18076743185520172,0.01784450188279152,0,0.18089625239372253,0.9834847450256348,-0.005872935522347689,0,-0.016488168388605118,0.00900324061512947,0.9998239874839783,0,0,0.3267349898815155,0,1
B18,mixamorig_RightHand,17,0.994619607925415,0.039913564920425415,0.09559773653745651,0,-0.07075106352567673,0.9357832074165344,0.3454052209854126,0,-0.07567232847213745,-0.35031017661094666,0.933571457862854,0,0,0.20520199835300446,0,1
B19,mixamorig_RightHandIndex1,18,0.9962270855903625,-0.07218267023563385,-0.04817662388086319,0,0.08389381319284439,0.9430872201919556,0.3217897117137909,0,0.022207120433449745,-0.3246173560619354,0.9455847144126892,0,0,0.08449699729681015,0,1
B20,mixamorig_RightHandIndex2,19,0.9394558072090149,0.31155991554260254,0.14266254007816315,0,-0.34241339564323425,0.83743816614151,0.42597106099128723,0,0.013244448229670525,-0.44903045892715454,0.8934182524681091,0,0,0.0311489999294281,0,1
B21,mixamorig_RightHandIndex3,20,0.8966785669326782,0.3412308394908905,0.28200897574424744,0,-0.4365187883377075,0.7874933481216431,0.43509259819984436,0,-0.073613241314888,-0.5132407546043396,0.855082631111145,0,0.01579499989748001,0.04596000164747238,-0.002400000113993883,1
B22,mixamorig_RightHandIndex4,21,1,0,0,0,0,1,0,0,0,0,1,0,0.018478000536561012,0.01923299953341484,-0.01129900012165308,1
B23,mixamorig_LeftUpLeg,0,-0.9741097092628479,-0.016162673011422157,0.22549772262573242,0,-0.06963670998811722,-0.9274938106536865,-0.36729666590690613,0,0.21508421003818512,-0.3734901547431946,0.9023550152778625,0,0.08352500200271606,-0.07456299662590027,-0.00027099999715574086,1
B24,mixamorig_LeftLeg,23,0.9921050071716309,0.12454307824373245,-0.014697344973683357,0,-0.12457861751317978,0.9922088384628296,-0.0015194960869848728,0,0.01439359225332737,0.0033384745474904776,0.9998906850814819,0,0,0.3741450011730194,0,1
B25,mixamorig_LeftFoot,24,0.8379334807395935,0.08440927416086197,-0.5392057299613953,0,0.5313512682914734,0.09944335371255875,0.8412947654724121,0,0.12463343888521194,-0.991456151008606,0.038475923240184784,0,0,0.283378005027771,0,1
B26,mixamorig_LeftToeBase,25,0.9607722759246826,0.0636172890663147,-0.2699430286884308,0,0.10435314476490021,0.8188820481300354,0.5643956065177917,0,0.25695690512657166,-0.570425271987915,0.7801207900047302,0,0,0.13549700379371643,0,1
B27,mixamorig_LeftToe_End,26,1,0,0,0,0,1,0,0,0,0,1,0,0,0.06424599885940552,0,1
B28,mixamorig_RightUpLeg,0,-0.9890961647033691,0.02404715120792389,-0.14529389142990112,0,-0.10145270824432373,-0.8263989090919495,0.5538700222969055,0,-0.10675171762704849,0.5625712275505066,0.8198276162147522,0,-0.08352500200271606,-0.07456299662590027,0.002302000066265464,1
B29,mixamorig_RightLeg,28,0.9971851706504822,-0.07432271540164948,-0.009890086017549038,0,0.0729791671037674,0.9923754334449768,-0.09932099282741547,0,0.017196491360664368,0.09831969439983368,0.9950065612792969,0,0,0.37443000078201294,0,1
B30,mixamorig_RightFoot,29,0.9665584564208984,0.03822881355881691,0.25358104705810547,0,-0.2464783489704132,0.4114986062049866,0.8774497509002686,0,-0.07080437242984772,-0.9106084704399109,0.4071599245071411,0,0,0.28327998518943787,0,1
B31,mixamorig_RightToeBase,30,0.968147873878479,-0.053628820925951004,0.24456655979156494,0,-0.0945395827293396,0.8261831402778625,0.5554133057594299,0,-0.23184305429458618,-0.5608437061309814,0.7947978377342224,0,0,0.1334020048379898,0,1
B32,mixamorig_RightToe_End,31,1,0,0,0,0,1,0,0,0,0,1,0,0,0.06449200212955475,0,1
@28,0,1,2,3,4,5,7,8,9,10,11,12,13,15,16,17,18,19,20,21,23,24,25,26,28,29,30,31
K0,0.9993259906768799,0.01661759614944458,-0.03272104263305664,0,-0.01548940408974886,0.9992870092391968,0.03443601727485657,0,0.033269960433244705,-0.033905982971191406,0.9988710284233093,0,-0.0006089999806135893,0.7952150106430054,-0.00044100001105107367,1,0.9995650053024292,-0.019898412749171257,0.021762190386652946,0,0.018046585842967033,0.9964519739151001,0.08221027255058289,0,-0.023320816457271576,-0.08178173005580902,0.9963770508766174,0,0,0.1341259926557541,-0.0034050000831484795,1,0.9988769888877869,0.01854708418250084,0.043587274849414825,0,-0.02040991559624672,0.9988800287246704,0.04268866032361984,0,-0.04274671897292137,-0.04353034123778343,0.9981369972229004,0,0,0.15653100609779358,0,1,0.9988669753074646,0.020529935136437416,0.042939193546772,0,-0.02234206348657608,0.9988610148429871,0.042157210409641266,0,-0.04202480614185333,-0.04306880012154579,0.9981880784034729,0,0,0.17889299988746643,0,1,0.999301016330719,-0.00351075385697186,-0.037217993289232254,0,0.0041422457434237,0.9998490214347839,0.0169038288295269,0,0.03715300187468529,-0.017046168446540833,0.9991639256477356,0,0,0.2012539952993393,0,1,0.9963399767875671,-0.03709625080227852,-0.07700993120670319,0,0.032646749168634415,0.9977680444717407,-0.058254677802324295,0,0.07899905741214752,0.05552732199430466,0.9953269362449646,0,0,0.0920649990439415,0.0029670000076293945,1,0.15218384563922882,0.005000417586416006,-0.9883400201797485,0,0.9723079800605774,-0.18020877242088318,0.1488034874200821,0,-0.17736338078975677,-0.9836159348487854,-0.03228680044412613,0,0.05645899847149849,0.18508100509643555,-0.0005530000198632479,1,0.8825477361679077,0.4468555152416229,-0.14639176428318024,0,-0.06370551139116287,0.4220779538154602,0.90431809425354,0,0.4658881723880768,-0.7887778282165527,0.40097105503082275,0,0,0.11397500336170197,0,1,0.9813440442085266,0.19169990718364716,-0.014651614241302013,0,-0.1917920857667923,0.9814220070838928,-0.005154045298695564,0,0.013391384854912758,0.007867954671382904,0.999879002571106,0,0,0.32672300934791565,0,1,0.9969459772109985,-0.05476415529847145,-0.055668167769908905,0,0.06410084664821625,0.9810500144958496,0.1828460395336151,0,0.04459983482956886,-0.1858559548854828,0.9815640449523926,0,0,0.2040569931268692,0,1,0.6827850341796875,0.2783779501914978,-0.6755079627037048,0,-0.09290307760238647,0.9501430988311768,0.29765164852142334,0,0.7246890664100647,-0.14047536253929138,0.6746059060096741,0,0,0.09350799769163132,0,1,0.9863250851631165,0.16452784836292267,0.009629123844206333,0,-0.13640813529491425,0.7821699976921082,0.60794997215271,0,0.09249311685562134,-0.6009499430656433,0.7939170002937317,0,0,0.03336799889802933,0,1,0.9981799721717834,0.027332937344908714,-0.053752169013023376,0,-0.0013730626087635756,0.9014468789100647,0.4328872561454773,0,0.060286834836006165,-0.4320257902145386,0.8998441696166992,0,-0.0007980000227689743,0.03864999860525131,-0.01931699924170971,1,0.06939559429883957,-0.009008790366351604,0.9975488781929016,0,-0.9773840308189392,-0.2008482664823532,0.06617891043424606,0,0.199759840965271,-0.9795809984207153,-0.02274297922849655,0,-0.05645899847149849,0.18507300317287445,-0.0002680000034160912,1,0.8656399250030518,-0.4986039698123932,0.04541204869747162,0,0.2525460124015808,0.513163149356842,0.8202948570251465,0,-0.4323059618473053,-0.6986111998558044,0.5701348781585693,0,0,0.11397500336170197,0,1,0.9191360473632812,-0.3934347629547119,0.019929951056838036,0,0.3937152326107025,0.9191439151763916,-0.012780889868736267,0,-0.013290049508213997,0.019594110548496246,0.9997199177742004,0,0,0.3267349898815155,0,1,0.9994150400161743,-0.021180717274546623,-0.026835694909095764,0,0.023800283670425415,0.9945619702339172,0.10138826817274094,0,0.02454230561852455,-0.10196773707866669,0.9944850206375122,0,0,0.20520199835300446,0,1,0.9948089718818665,-0.08164792507886887,-0.060730814933776855,0,0.09775206446647644,0.93259197473526,0.3474418520927429,0,0.028269192203879356,-0.35157516598701477,0.9357330203056335,0,0,0.08449699729681015,0,1,0.9394780993461609,0.31170374155044556,0.14220380783081055,0,-0.34235429763793945,0.8380879163742065,0.42473700642585754,0,0.01321281399577856,-0.44771504402160645,0.8940780162811279,0,0,0.0311489999294281,0,1,0.89683997631073,0.34154966473579407,0.2811082601547241,0,-0.4362483024597168,0.7881349325180054,0.43420174717903137,0,-0.0732497125864029,-0.5120421648025513,0.8558309078216553,0,0.01579499989748001,0.04596000164747238,-0.002400000113993883,1,-0.9839550852775574,0.018680864945054054,0.1774357557296753,0,0.05007486417889595,-0.9256160259246826,0.3751370310783386,0,0.1712452471256256,0.37800300121307373,0.9098290205001831,0,0.08352500200271606,-0.07456299662590027,-0.00027099999715574086,1,0.9963549971580505,-0.07766889780759811,-0.035271186381578445,0,0.010139097459614277,0.5183818340301514,-0.8550890684127808,0,0.08469780534505844,0.8516149520874023,0.5172800421714783,0,0,0.3741450011730194,0,1,0.9686840176582336,0.04670127481222153,-0.24386565387248993,0,0.21669527888298035,0.3204900920391083,0.9221329092979431,0,0.12122131884098053,-0.9461000561714172,0.300333708524704,0,0,0.283378005027771,0,1,0.9623090624809265,0.05437278375029564,-0.2664669454097748,0,0.10425978153944016,0.8311900496482849,0.5461249351501465,0,0.2511790692806244,-0.553322970867157,0.7941929697990417,0,0,0.13549700379371643,0,1,-0.9925588965415955,-0.030590927228331566,-0.11786311864852905,0,0.01530307438224554,-0.9915918111801147,0.1284923553466797,0,-0.1208028793334961,0.1257326453924179,0.9846821427345276,0,-0.08352500200271606,-0.07456299662590027,0.002302000066265464,1,0.9968479871749878,-0.04619528725743294,0.06449294090270996,0,0.06016672030091286,0.9701050519943237,-0.23510783910751343,0,-0.05170406401157379,0.23824717104434967,0.9698269367218018,0,0,0.37443000078201294,0,1,0.9662348628044128,-0.07077905535697937,0.24775134027004242,0,-0.21718405187129974,0.2936512529850006,0.9309139847755432,0,-0.13864168524742126,-0.9532890915870667,0.26836395263671875,0,0,0.28327998518943787,0,1,0.9715859293937683,-0.031455062329769135,0.23458810150623322,0,-0.09509506076574326,0.8557379841804504,0.5085949301719666,0,-0.21674390137195587,-0.5164520144462585,0.828432023525238,0,0,0.1334020048379898,0,1
K0.034,0.9995673894882202,0.0167451873421669,-0.024187972769141197,0,-0.015642939135432243,0.998862087726593,0.04506208747625351,0,0.024915002286434174,-0.04466418921947479,0.9986911416053772,0,0.000720745010767132,0.7975332140922546,0.041668858379125595,1,0.9998014569282532,-0.019060155376791954,0.005845949985086918,0,0.018567603081464767,0.9970020651817322,0.07511132955551147,0,-0.007260055746883154,-0.07498785108327866,0.9971577525138855,0,0,0.1341259926557541,-0.0034050000831484795,1,0.9994304180145264,0.009316595271229744,0.0324271060526371,0,-0.010563568212091923,0.999203085899353,0.03849808871746063,0,-0.03204258531332016,-0.03881870210170746,0.9987321496009827,0,0,0.15653100609779358,0,1,0.9994347095489502,0.010992384515702724,0.03177870064973831,0,-0.012203059159219265,0.9991967082023621,0.038157809525728226,0,-0.031333744525909424,-0.03852405399084091,0.9987665414810181,0,0,0.17889299988746643,0,1,0.9994449615478516,-0.005715647246688604,-0.032818298786878586,0,0.006294500548392534,0.9998263120651245,0.017561931163072586,0,0.032712195068597794,-0.017758743837475777,0.9993065595626831,0,0,0.2012539952993393,0,1,0.9978252649307251,-0.035517368465662,-0.05552901327610016,0,0.03267408907413483,0.9981491565704346,-0.05129928141832352,0,0.05724821612238884,0.0493733249604702,0.9971383213996887,0,0,0.0920649990439415,0.0029670000076293945,1,0.13491030037403107,0.005915605463087559,-0.990839958190918,0,0.9754534363746643,-0.17643451690673828,0.13176196813583374,0,-0.17403891682624817,-0.9842944741249084,-0.02957327477633953,0,0.05645899847149849,0.18508100509643555,-0.0005530000198632479,1,0.8992566466331482,0.39169588685035706,-0.19470851123332977,0,0.019643312320113182,0.40851783752441406,0.9125391244888306,0,0.4369796812534332,-0.8244315981864929,0.35966816544532776,0,0,0.11397500336170197,0,1,0.9814221262931824,0.19130274653434753,-0.014649545773863792,0,-0.19139452278614044,0.9814991354942322,-0.005143251735717058,0,0.013394594192504883,0.00785154104232788,0.999879002571106,0,0,0.32672300934791565,0,1,0.9983240365982056,-0.030231090262532234,-0.04933846369385719,0,0.04112409055233002,0.9705308079719543,0.23744070529937744,0,0.04070645570755005,-0.2390720695257187,0.9701486825942993,0,0,0.2040569931268692,0,1,0.6812036633491516,0.2737080156803131,-0.6790031790733337,0,-0.10414624214172363,0.9542788863182068,0.2801886200904846,0,0.7246481776237488,-0.12014985829591751,0.6785638332366943,0,0,0.09350799769163132,0,1,0.9862990379333496,0.16468355059623718,0.009656974114477634,0,-0.1365332454442978,0.7820478677749634,0.6080793738365173,0,0.0925883948802948,-0.6010662317276001,0.793817400932312,0,0,0.03336799889802933,0,1,0.9981727004051208,0.027483245357871056,-0.05382243171334267,0,-0.0014683426124975085,0.9013754725456238,0.4330362379550934,0,0.06041543930768967,-0.4321657717227936,0.8997684121131897,0,-0.0007980000227689743,0.03864999860525131,-0.01931699924170971,1,0.07519515603780746,-0.008723902516067028,0.9971309304237366,0,-0.9779122471809387,-0.19621211290359497,0.07202918827533722,0,0.19502073526382446,-0.9805223941802979,-0.0232854001224041,0,-0.05645899847149849,0.18507300317287445,-0.0002680000034160912,1,0.8472123742103577,-0.5297936201095581,0.03935951367020607,0,0.291837215423584,0.5260339379310608,0.7988232374191284,0,-0.4439161717891693,-0.6652867794036865,0.6002763509750366,0,0,0.11397500336170197,0,1,0.8976899981498718,-0.4401439130306244,0.02062571980059147,0,0.44045767188072205,0.8976598978042603,-0.014298496767878532,0,-0.012221486307680607,0.021920373663306236,0.9996851086616516,0,0,0.3267349898815155,0,1,0.9993800520896912,0.027631664648652077,-0.021822532638907433,0,-0.02421065792441368,0.9892963171005249,0.14389967918395996,0,0.025565130636096,-0.14328208565711975,0.9893516302108765,0,0,0.20520199835300446,0,1,0.9947067499160767,-0.08194379508495331,-0.06200147047638893,0,0.09868799895048141,0.929933488368988,0.3542390465736389,0,0.028629526495933533,-0.3584824204444885,0.9330971240997314,0,0,0.08449699729681015,0,1,0.9394776821136475,0.3116990029811859,0.14221778512001038,0,-0.34235578775405884,0.8380681872367859,0.42477497458457947,0,0.013213736936450005,-0.4477558135986328,0.8940585851669312,0,0,0.0311489999294281,0,1,0.8968351483345032,0.34153956174850464,0.2811357080936432,0,-0.4362559914588928,0.7881150245666504,0.4342288374900818,0,-0.07326100766658783,-0.5120790004730225,0.8558083176612854,0,0.01579499989748001,0.04596000164747238,-0.002400000113993883,1,-0.9855190515518188,0.04125736281275749,0.1644696444272995,0,0.03475916013121605,-0.9001961946487427,0.4340955317020416,0,0.16596448421478271,0.43352600932121277,0.8857260346412659,0,0.08352500200271606,-0.07456299662590027,-0.00027099999715574086,1,0.9983257055282593,-0.05771714821457863,-0.003691980382427573,0,0.03916094824671745,0.7215771079063416,-0.6912248730659485,0,0.042559631168842316,0.689923882484436,0.7226302027702332,0,0,0.3741450011730194,0,1,0.969347357749939,0.009490241296589375,-0.24550913274288177,0,0.22746838629245758,0.3430047333240509,0.9113758206367493,0,0.09286003559827805,-0.9392860531806946,0.33033227920532227,0,0,0.283378005027771,0,1,0.9643327593803406,0.04185903072357178,-0.26136311888694763,0,0.10434474796056747,0.8473390340805054,0.5207002758979797,0,0.24325908720493317,-0.5293999910354614,0.8127486705780029,0,0,0.13549700379371643,0,1,-0.9905019402503967,-0.029731297865509987,-0.1342424601316452,0,0.026192061603069305,-0.9992629289627075,0.028054440394043922,0,-0.13497772812843323,0.024271909147500992,0.9905512928962708,0,-0.08352500200271606,-0.07456299662590027,0.002302000066265464,1,0.9942856431007385,-0.06429347395896912,0.08522265404462814,0,0.0744016245007515,0.9898241758346558,-0.12129683047533035,0,-0.07655677199363708,0.12694427371025085,0.9889505505561829,0,0,0.37443000078201294,0,1,0.9668671488761902,-0.06155015528202057,0.24774782359600067,0,-0.22169579565525055,0.27870652079582214,0.9344373345375061,0,-0.1265636831521988,-0.9584014415740967,0.25582677125930786,0,0,0.28327998518943787,0,1,0.9718811511993408,-0.029476962983608246,0.23362167179584503,0,-0.09518799185752869,0.858277440071106,0.5042803287506104,0,-0.21537673473358154,-0.5123382210731506,0.8313372731208801,0,0,0.1334020048379898,0,1
K0.069,0.9999132752418518,0.00394739955663681,-0.012582994066178799,0,-0.0032353014685213566,0.9984192252159119,0.05611848458647728,0,0.012784617021679878,-0.05607287213206291,0.9983447790145874,0,0.003232894465327263,0.7932730913162231,0.085057832300663,1,0.999927282333374,0.0013037107419222593,-0.011987998150289059,0,-0.00049607950495556,0.9977442026138306,0.06712767481803894,0,0.01204847451299429,-0.0671168714761734,0.9976726174354553,0,0,0.1341259926557541,-0.0034050000831484795,1,0.9997777938842773,-0.0030644359067082405,0.020850295200943947,0,0.002331231953576207,0.9993810057640076,0.03509904444217682,0,-0.020944960415363312,-0.0350426584482193,0.9991666674613953,0,0,0.15653100609779358,0,1,0.9997904300689697,-0.0016775538679212332,0.020404189825057983,0,0.000967561558354646,0.9993953108787537,0.0347566194832325,0,-0.020450158044695854,-0.03472959250211716,0.9991874694824219,0,0,0.17889299988746643,0,1,0.9996401071548462,-0.0032034756150096655,-0.026619235053658485,0,0.003630148246884346,0.9998654723167419,0.01599583402276039,0,0.02656441554427147,-0.01608670875430107,0.9995173811912537,0,0,0.2012539952993393,0,1,0.9986861348152161,-0.03498797118663788,-0.037450261414051056,0,0.03305288404226303,0.9981462955474854,-0.05109868571162224,0,0.03916868567466736,0.04979371652007103,0.9979915618896484,0,0,0.0920649990439415,0.0029670000076293945,1,0.11931730806827545,0.006657515652477741,-0.9928334951400757,0,0.9778592586517334,-0.1739349365234375,0.1163514107465744,0,-0.17191389203071594,-0.9847347736358643,-0.027263592928647995,0,0.05645899847149849,0.18508100509643555,-0.0005530000198632479,1,0.9110697507858276,0.3353610634803772,-0.23976244032382965,0,0.09731613844633102,0.39020076394081116,0.9155727624893188,0,0.40060240030288696,-0.857482373714447,0.3228636682033539,0,0,0.11397500336170197,0,1,0.9818715453147888,0.18898361921310425,-0.014637057669460773,0,-0.18907442688941956,0.9819497466087341,-0.005081347655504942,0,0.01341255847364664,0.0077567207626998425,0.9998800754547119,0,0,0.32672300934791565,0,1,0.9990228414535522,0.001119878957979381,-0.044175438582897186,0,0.010558022186160088,0.9646767377853394,0.2632237374782562,0,0.04290980473160744,-0.2634330093860626,0.9637224078178406,0,0,0.2040569931268692,0,1,0.6812142133712769,0.27087095379829407,-0.6801291108131409,0,-0.10256871581077576,0.9551816582679749,0.2776820659637451,0,0.7248632311820984,-0.11940108239650726,0.6784665584564209,0,0,0.09350799769163132,0,1,0.9862730503082275,0.16483567655086517,0.009683352895081043,0,-0.13665498793125153,0.7819281816482544,0.6082057356834412,0,0.09268227964639664,-0.6011799573898315,0.793720006942749,0,0,0.03336799889802933,0,1,0.9981650114059448,0.02762991562485695,-0.05388985946774483,0,-0.0015618083998560905,0.9013059735298157,0.4331810474395752,0,0.060539938509464264,-0.43230152130126953,0.8996942639350891,0,-0.0007980000227689743,0.03864999860525131,-0.01931699924170971,1,0.08176028728485107,-0.008522900752723217,0.9966152310371399,0,-0.9799436330795288,-0.18302161991596222,0.07882741093635559,0,0.18173031508922577,-0.9830717444419861,-0.02331586554646492,0,-0.05645899847149849,0.18507300317287445,-0.0002680000034160912,1,0.8318390250205994,-0.5538602471351624,0.03582318499684334,0,0.3289191424846649,0.5439322590827942,0.7719776630401611,0,-0.44705286622047424,-0.6303778290748596,0.6346389651298523,0,0,0.11397500336170197,0,1,0.8615930676460266,-0.5071306228637695,0.021797390654683113,0,0.507491946220398,0.8614987134933472,-0.016475550830364227,0,-0.01042316947132349,0.025257224217057228,0.9996262192726135,0,0,0.3267349898815155,0,1,0.9972536563873291,0.07398123294115067,-0.003513611387461424,0,-0.07204392552375793,0.9799591898918152,0.18571388721466064,0,0.017182528972625732,-0.18495061993598938,0.9825972318649292,0,0,0.20520199835300446,0,1,0.994390070438385,-0.08254648000001907,-0.06614720076322556,0,0.10148762911558151,0.9208200573921204,0.37655171751976013,0,0.02982664480805397,-0.38115233182907104,0.9240314960479736,0,0,0.08449699729681015,0,1,0.9394966959953308,0.31182748079299927,0.14180569350719452,0,-0.34230324625968933,0.8386504054069519,0.4236677587032318,0,0.013185855001211166,-0.44657522439956665,0.8946493268013,0,0,0.0311489999294281,0,1,0.896979570388794,0.34182465076446533,0.2803265154361725,0,-0.4360135495662689,0.7886896729469299,0.43342912197113037,0,-0.0729338750243187,-0.5110033750534058,0.8564789295196533,0,0.01579499989748001,0.04596000164747238,-0.002400000113993883,1,-0.9884535074234009,0.044309716671705246,0.14490161836147308,0,0.02548578754067421,-0.8940480351448059,0.4472450315952301,0,0.1493663489818573,0.4457739591598511,0.8825957775115967,0,0.08352500200271606,-0.07456299662590027,-0.00027099999715574086,1,0.9987736940383911,-0.036862313747406006,0.033040206879377365,0,0.04675104841589928,0.92182457447052,-0.3847775161266327,0,-0.016273483633995056,0.38585028052330017,0.922417402267456,0,0,0.3741450011730194,0,1,0.9685493111610413,-0.03265203535556793,-0.2466685026884079,0,0.23721207678318024,0.42043787240982056,0.8757641911506653,0,0.07511334866285324,-0.9067341089248657,0.4149605333805084,0,0,0.283378005027771,0,1,0.9653380513191223,0.035478100180625916,-0.25857990980148315,0,0.10448509454727173,0.8553394675254822,0.5074225068092346,0,0.2391759157180786,-0.5168518424034119,0.8219846487045288,0,0,0.13549700379371643,0,1,-0.9859002828598022,-0.02989737130701542,-0.16464248299598694,0,0.03571762889623642,-0.9988336563110352,-0.03250390663743019,0,-0.16347864270210266,-0.03792624920606613,0.985818088054657,0,-0.08352500200271606,-0.07456299662590027,0.002302000066265464,1,0.9914989471435547,-0.05751423537731171,0.11671293526887894,0,0.06933363527059555,0.9925815463066101,-0.0998746007680893,0,-0.1101028323173523,0.10711763054132462,0.9881306886672974,0,0,0.37443000078201294,0,1,0.9653095006942749,-0.08659543842077255,0.24633267521858215,0,-0.21990330517292023,0.23905602097511292,0.945777416229248,0,-0.14078731834888458,-0.9671372771263123,0.21172040700912476,0,0,0.28327998518943787,0,1,0.9720471501350403,-0.028354357928037643,0.23306696116924286,0,-0.09524347633123398,0.8597123622894287,0.5018203258514404,0,-0.21459943056106567,-0.5099913477897644,0.832980751991272,0,0,0.1334020048379898,0,1
K0.103,0.9995956420898438,-0.027194684371352196,0.008334243670105934,0,0.026608163490891457,0.9976049065589905,0.06385069340467453,0,-0.010050682350993156,-0.06360311061143875,0.9979251623153687,0,0.007002688944339752,0.7829750180244446,0.13029754161834717,1,0.9981603622436523,0.047089044004678726,-0.03819079324603081,0,-0.04480348899960518,0.997272789478302,0.05864120274782181,0,0.04084800183773041,-0.05682225525379181,0.9975481033325195,0,0,0.1341259926557541,-0.0034050000831484795,1,0.9997594952583313,-0.019995752722024918,0.008975312113761902,0,0.019676808267831802,0.9992175698280334,0.034319713711738586,0,-0.009654538705945015,-0.03413485735654831,0.999370813369751,0,0,0.15653100609779358,0,1,0.999780535697937,-0.018932675942778587,0.008968250826001167,0,0.018621619790792465,0.9992623925209045,0.03358270227909088,0,-0.009597445838153362,-0.03340832516551018,0.9993956685066223,0,0,0.17889299988746643,0,1,0.9998037219047546,0.007296322379261255,-0.01840842515230179,0,-0.007027958054095507,0.9998685717582703,0.014601178467273712,0,0.018512548878788948,-0.014468945562839508,0.9997240304946899,0,0,0.2012539952993393,0,1,0.9989213347434998,-0.04008353129029274,-0.02345687709748745,0,0.03866277262568474,0.9975576996803284,-0.05817322060465813,0,0.025731375440955162,0.05720355734229088,0.9980313777923584,0,0,0.0920649990439415,0.0029670000076293945,1,0.11043476313352585,0.007110110484063625,-0.9938576817512512,0,0.9794830083847046,-0.17038705945014954,0.1076185405254364,0,-0.16857537627220154,-0.9853520393371582,-0.025780916213989258,0,0.05645899847149849,0.18508100509643555,-0.0005530000198632479,1,0.9185027480125427,0.28021833300590515,-0.2789825201034546,0,0.16662360727787018,0.36555495858192444,0.9157543182373047,0,0.3585945665836334,-0.8876078724861145,0.2890722155570984,0,0,0.11397500336170197,0,1,0.9835943579673767,0.17980188131332397,-0.014591099694371223,0,-0.1798882633447647,0.9836747050285339,-0.004834548104554415,0,0.013483649119734764,0.007380010560154915,0.9998822212219238,0,0,0.32672300934791565,0,1,0.9992054104804993,0.02792935073375702,-0.028419526293873787,0,-0.019265130162239075,0.962948739528656,0.2689950466156006,0,0.0348794125020504,-0.26823389530181885,0.9627219438552856,0,0,0.2040569931268692,0,1,0.6813580393791199,0.2689027786254883,-0.6807661056518555,0,-0.10024957358837128,0.9555907845497131,0.2771218419075012,0,0.7250526547431946,-0.12057268619537354,0.6780568361282349,0,0,0.09350799769163132,0,1,0.9862679243087769,0.16486842930316925,0.00968896597623825,0,-0.13668106496334076,0.7819023728370667,0.6082324385643005,0,0.0927024856209755,-0.6012043356895447,0.7936994433403015,0,0,0.03336799889802933,0,1,0.998163104057312,0.027661727741360664,-0.05390465632081032,0,-0.0015820349799469113,0.9012907147407532,0.4332117438316345,0,0.06056715175509453,-0.4323306679725647,0.8996788859367371,0,-0.0007980000227689743,0.03864999860525131,-0.01931699924170971,1,0.09110227227210999,-0.008303815498948097,0.9958071708679199,0,-0.9815459847450256,-0.16957537829875946,0.08838352560997009,0,0.16813044250011444,-0.9854823350906372,-0.023599274456501007,0,-0.05645899847149849,0.18507300317287445,-0.0002680000034160912,1,0.8190274238586426,-0.5729684829711914,0.030004221946001053,0,0.3695744574069977,0.5668427348136902,0.7362774610519409,0,-0.43887144327163696,-0.5919426679611206,0.676014244556427,0,0,0.11397500336170197,0,1,0.8355873227119446,-0.5488906502723694,0.022642048075795174,0,0.5492815375328064,0.8354467153549194,-0.017831578850746155,0,-0.009128643199801445,0.027336720377206802,0.999584972858429,0,0,0.3267349898815155,0,1,0.9975765347480774,0.0690525472164154,0.008504170924425125,0,-0.06930073350667953,0.9753758311271667,0.2093803435564041,0,0.006163483951240778,-0.20946228504180908,0.9777975678443909,0,0,0.20520199835300446,0,1,0.994040846824646,-0.08345882594585419,-0.07013142108917236,0,0.10454178601503372,0.9121654629707336,0.39626383781433105,0,0.030899737030267715,-0.4012339413166046,0.9154542684555054,0,0,0.08449699729681015,0,1,0.9394931197166443,0.31180405616760254,0.14188198745250702,0,-0.34231308102607727,0.8385418653488159,0.4238734841346741,0,0.013191498816013336,-0.44679445028305054,0.8945392966270447,0,0,0.0311489999294281,0,1,0.8969533443450928,0.34177184104919434,0.2804771363735199,0,-0.43605858087539673,0.7885831594467163,0.43357786536216736,0,-0.07299482822418213,-0.5112034678459167,0.8563545942306519,0,0.01579499989748001,0.04596000164747238,-0.002400000113993883,1,-0.9921250939369202,0.020076503977179527,0.12363427132368088,0,0.04424149543046951,-0.8672766089439392,0.49585747718811035,0,0.11718013882637024,0.4974221885204315,0.8595581650733948,0,0.08352500200271606,-0.07456299662590027,-0.00027099999715574086,1,0.9982581734657288,-0.006956731900572777,0.05858958885073662,0,0.016149982810020447,0.9873178005218506,-0.1579350084066391,0,-0.05674777179956436,0.15860596299171448,0.9857093691825867,0,0,0.3741450011730194,0,1,0.9669196009635925,-0.06993183493614197,-0.24530595541000366,0,0.25048133730888367,0.44208618998527527,0.861289381980896,0,0.048214834183454514,-0.8942422866821289,0.4449784457683563,0,0,0.283378005027771,0,1,0.964663028717041,0.039772842079401016,-0.2604670524597168,0,0.1043834537267685,0.8499723672866821,0.5163826942443848,0,0.24192777276039124,-0.5253236889839172,0.8157852292060852,0,0,0.13549700379371643,0,1,-0.9799492359161377,-0.034851983189582825,-0.19617542624473572,0,0.047759830951690674,-0.9969662427902222,-0.061455003917217255,0,-0.19343850016593933,-0.06959211081266403,0.9786410927772522,0,-0.08352500200271606,-0.07456299662590027,0.002302000066265464,1,0.9934540390968323,-0.0365944504737854,0.10820898413658142,0,0.054761938750743866,0.9839183688163757,-0.17001836001873016,0,-0.10024707019329071,0.17483115196228027,0.9794816374778748,0,0,0.37443000078201294,0,1,0.9489279985427856,-0.12245376408100128,0.29075887799263,0,-0.2700613737106323,0.16117380559444427,0.9492577910423279,0,-0.1631029099225998,-0.9793000221252441,0.11987230181694031,0,0,0.28327998518943787,0,1,0.971947968006134,-0.029023880138993263,0.2333981990814209,0,-0.09520989656448364,0.8588573932647705,0.503287672996521,0,-0.21506310999393463,-0.5113912224769592,0.832001268863678,0,0,0.1334020048379898,0,1
K0.138,0.9978628754615784,-0.0554659329354763,0.0345458947122097,0,0.05301283672451973,0.9962566494941711,0.06827898323535919,0,-0.03820374980568886,-0.06630171835422516,0.9970683455467224,0,0.01056339405477047,0.768265426158905,0.17750905454158783,1,0.9950071573257446,0.07989879697561264,-0.059811949729919434,0,-0.07699808478355408,0.9958099126815796,0.04932733252644539,0,0.06350252777338028,-0.04447564482688904,0.9969900846481323,0,0,0.1341259926557541,-0.0034050000831484795,1,0.9995105266571045,-0.030981477349996567,-0.004429170861840248,0,0.031117351725697517,0.9989064931869507,0.03488706797361374,0,0.003343473421409726,-0.03500780090689659,0.9993811249732971,0,0,0.15653100609779358,0,1,0.9995307326316833,-0.030356338247656822,-0.004071357659995556,0,0.030476175248622894,0.9989703297615051,0.033598363399505615,0,0.003047244157642126,-0.033706698566675186,0.9994273781776428,0,0,0.17889299988746643,0,1,0.9997990131378174,0.01740606129169464,-0.00998106598854065,0,-0.017252665013074875,0.9997344613075256,0.015253177843987942,0,0.0102439159527421,-0.015077915973961353,0.9998340606689453,0,0,0.2012539952993393,0,1,0.9989053606987,-0.04332501441240311,-0.017655691131949425,0,0.041970230638980865,0.9965941309928894,-0.07097822427749634,0,0.02067069336771965,0.07015952467918396,0.9973217248916626,0,0,0.0920649990439415,0.0029670000076293945,1,0.09901963919401169,0.0077147590927779675,-0.9950553774833679,0,0.9821071624755859,-0.1617322564125061,0.09647724777460098,0,-0.16018833220005035,-0.9868049025535583,-0.023591438308358192,0,0.05645899847149849,0.18508100509643555,-0.0005530000198632479,1,0.9217571020126343,0.23092792928218842,-0.3115057945251465,0,0.2241915911436081,0.33808401226997375,0.9140224456787109,0,0.31638848781585693,-0.9123439192771912,0.2598592936992645,0,0,0.11397500336170197,0,1,0.9864399433135986,0.16347847878932953,-0.014514710754156113,0,-0.1635570377111435,0.9865237474441528,-0.004395631141960621,0,0.013600519858300686,0.006710011046379805,0.9998847842216492,0,0,0.32672300934791565,0,1,0.9989900588989258,0.04166920855641365,-0.01680310070514679,0,-0.03530815243721008,0.9593702554702759,0.2799307405948639,0,0.027784908190369606,-0.2790549397468567,0.9598733186721802,0,0,0.2040569931268692,0,1,0.6827732920646667,0.2804272472858429,-0.6746717095375061,0,-0.0899297446012497,0.9486440420150757,0.30329418182373047,0,0.7250750660896301,-0.1464080661535263,0.6729273796081543,0,0,0.09350799769163132,0,1,0.9862014055252075,0.16526074707508087,0.009757914580404758,0,-0.13699539005756378,0.7815937995910645,0.6085588335990906,0,0.09294412285089493,-0.6014980673789978,0.7934485077857971,0,0,0.03336799889802933,0,1,0.9981426000595093,0.028041105717420578,-0.05407996103167534,0,-0.0018231520662084222,0.9011101126670837,0.43358680605888367,0,0.06089026480913162,-0.43268296122550964,0.8994876742362976,0,-0.0007980000227689743,0.03864999860525131,-0.01931699924170971,1,0.10919169336557388,-0.007646624464541674,0.9939910173416138,0,-0.9801309704780579,-0.16740919649600983,0.10638132691383362,0,0.16558988392353058,-0.985858142375946,-0.02577444538474083,0,-0.05645899847149849,0.18507300317287445,-0.0002680000034160912,1,0.8050644397735596,-0.5922738909721375,0.03289825841784477,0,0.4103871285915375,0.5961594581604004,0.6900553107261658,0,-0.4283144474029541,-0.5420381426811218,0.7230085730552673,0,0,0.11397500336170197,0,1,0.8244618773460388,-0.5654492378234863,0.02300327457487583,0,0.5658523440361023,0.8243023753166199,-0.01836974360048771,0,-0.00857449509203434,0.028161605820059776,0.9995665550231934,0,0,0.3267349898815155,0,1,0.9990671277046204,0.0429607629776001,0.004303835332393646,0,-0.04297538101673126,0.9798824787139893,0.19489458203315735,0,0.004155566915869713,-0.19489774107933044,0.9808146953582764,0,0,0.20520199835300446,0,1,0.9938698410987854,-0.08390777558088303,-0.07199268788099289,0,0.10601115226745605,0.9081069827079773,0.4050973057746887,0,0.03138622269034386,-0.41024574637413025,0.911434531211853,0,0,0.08449699729681015,0,1,0.9395045042037964,0.3118760287761688,0.14164932072162628,0,-0.34228289127349854,0.8388708829879761,0.4232465326786041,0,0.01317496970295906,-0.4461263418197632,0.8948731422424316,0,0,0.0311489999294281,0,1,0.8970350623130798,0.3419326841831207,0.2800197899341583,0,-0.43592146039009094,0.7889071702957153,0.433125376701355,0,-0.0728098675608635,-0.5105953216552734,0.8567332029342651,0,0.01579499989748001,0.04596000164747238,-0.002400000113993883,1,-0.994676411151886,-0.011220021173357964,0.10243380814790726,0,0.06764835119247437,-0.820955216884613,0.5669718384742737,0,0.07773207873106003,0.5708825588226318,0.8173431158065796,0,0.08352500200271606,-0.07456299662590027,-0.00027099999715574086,1,0.996946394443512,0.04574744775891304,0.06329333037137985,0,-0.0417058952152729,0.9970930218696594,-0.0637652799487114,0,-0.06602638214826584,0.06093081086874008,0.9959554672241211,0,0,0.3741450011730194,0,1,0.9669389128684998,-0.06593069434165955,-0.24633623659610748,0,0.2525275647640228,0.381940633058548,0.8890171051025391,0,0.03547230735421181,-0.921832263469696,0.38596272468566895,0,0,0.283378005027771,0,1,0.9628273844718933,0.05120805650949478,-0.26522037386894226,0,0.10425825417041779,0.8353305459022522,0.539771318435669,0,0.249187171459198,-0.5473577380180359,0.7989398241043091,0,0,0.13549700379371643,0,1,-0.9757482409477234,-0.03171934559941292,-0.21658332645893097,0,0.056336160749197006,-0.9925040006637573,-0.10844942927360535,0,-0.2115199863910675,-0.11802087724208832,0.9702216386795044,0,-0.08352500200271606,-0.07456299662590027,0.002302000066265464,1,0.9973848462104797,-0.03365181013941765,0.06396292895078659,0,0.046869371086359024,0.9748290181159973,-0.21797062456607819,0,-0.055017828941345215,0.22039854526519775,0.9738571643829346,0,0,0.37443000078201294,0,1,0.9193533062934875,-0.15060515701770782,0.36346638202667236,0,-0.35303473472595215,0.09197530895471573,0.9310781955718994,0,-0.1736552119255066,-0.9843065738677979,0.031388964504003525,0,0,0.28327998518943787,0,1,0.9713997840881348,-0.03269761800765991,0.23518897593021393,0,-0.09504081308841705,0.8541342616081238,0.5112943649291992,0,-0.2176010012626648,-0.5190235376358032,0.8265979886054993,0,0,0.1334020048379898,0,1
