1.000,30,29,41
B0,mixamorig_Hips,-1,0.9981087446212769,-0.05324003845453262,0.03073177859187126,0,0.05106464400887489,0.9963985085487366,0.06768987327814102,0,-0.03422492370009422,-0.0659925788640976,0.9972332119941711,0,0.01113548781722784,0.8028258681297302,0.15135404467582703,1
B1,mixamorig_Spine,0,0.9952273368835449,0.07873880863189697,-0.057651586830616,0,-0.07368893921375275,0.9936506152153015,0.08502139151096344,0,0.06398000568151474,-0.080367311835289,0.9947102069854736,0,0,0.13050800561904907,0.001221999991685152,1
B2,mixamorig_Spine1,1,0.9995238184928894,-0.030841389670968056,-0.0012836119858548045,0,0.030867408961057663,0.9989119172096252,0.03496386483311653,0,0.00020388099073898047,-0.03498683497309685,0.9993880987167358,0,0,0.1522659957408905,0,1
B3,mixamorig_Spine2,2,0.9995448589324951,-0.030148372054100037,-0.0009673596941865981,0,0.0301638413220644,0.9989767670631409,0.03368912637233734,0,-0.00004930244540446438,-0.03370299190282822,0.9994320273399353,0,0,0.174017995595932,0,1
B4,mixamorig_Neck,3,0.9997971653938293,0.016519172117114067,-0.01156282052397728,0,-0.0167425274848938,0.9996693134307861,-0.019495533779263496,0,0.011236942373216152,0.019685162231326103,0.9997428059577942,0,0,0.1957709938287735,0,1
B5,mixamorig_Head,4,0.9989030957221985,-0.04327012598514557,-0.01791643537580967,0,0.04193360358476639,0.9967180490493774,-0.06923850625753403,0,0.020853599533438683,0.06841126829385757,0.997439444065094,0,0,0.04804300144314766,0.007654999848455191,1
B6,mixamorig_HeadTop_End,5,1,0,0,0,0,1,0,0,0,0,1,0,0,0.3087869882583618,0.04920300096273422,1
B7,mixamorig_LeftShoulder,3,0.11489064246416092,0.008561725728213787,-0.9933415651321411,0,0.9306120276451111,-0.35073721408843994,0.10461222380399704,0,-0.3475061058998108,-0.936434268951416,-0.048264022916555405,0,0.06992100179195404,0.1714330017566681,0.00047400000039488077,1
B8,mixamorig_LeftArm,7,0.9390112161636353,0.15579652786254883,-0.306570440530777,0,0.18781569600105286,0.5144405961036682,0.8367052674293518,0,0.28806814551353455,-0.8432546257972717,0.4538045823574066,0,0,0.1502790004014969,0,1
B9,mixamorig_LeftForeArm,8,0.9858694076538086,0.1675182282924652,0.0006010493962094188,0,-0.167516827583313,0.9858672618865967,-0.0017036496428772807,0,-0.0008779468480497599,0.0015788893215358257,0.9999979734420776,0,0,0.264165997505188,0,1
B10,mixamorig_LeftHand,9,0.9505271315574646,0.1098136156797409,-0.29058295488357544,0,-0.026592586189508438,0.9607627391815186,0.2760927677154541,0,0.30950024724006653,-0.2547065317630768,0.9161520004272461,0,0,0.24352900683879852,0,1
B11,mixamorig_LeftHandThumb1,10,0.8956369161605835,0.41057997941970825,-0.1710522174835205,0,-0.37737804651260376,0.9050070643424988,0.19633792340755463,0,0.2354157567024231,-0.11129607260227203,0.9655010104179382,0,-0.028666000813245773,0.05078500136733055,0,1
B12,mixamorig_LeftHandThumb2,11,0.9861597418785095,-0.12701204419136047,-0.10656879842281342,0,0.12850119173526764,0.9916836023330688,0.007196704391390085,0,0.10476841777563095,-0.0207913089543581,0.9942792057991028,0,-0.0036140000447630882,0.04651299864053726,0,1
B13,mixamorig_LeftHandThumb3,12,0.9472607374191284,0.16238196194171906,-0.2762792706489563,0,-0.23567239940166473,0.9371767640113831,-0.25721290707588196,0,0.21715572476387024,0.30875900387763977,0.9260194301605225,0,-0.0007169999880716205,0.030040999874472618,0,1
B14,mixamorig_LeftHandThumb4,13,1,0,0,0,0,1,0,0,0,0,1,0,0.0043310001492500305,0.01911200024187565,0,1
B15,mixamorig_LeftHandIndex1,10,0.9764342308044434,0.20694470405578613,0.06123251095414162,0,-0.215781569480896,0.9410722851753235,0.2604270875453949,0,-0.0037302090786397457,-0.2675027847290039,0.9635500907897949,0,0,0.10704699903726578,0.0002589999930933118,1
B16,mixamorig_LeftHandIndex2,15,0.998386025428772,-0.056340232491493225,-0.007216451223939657,0,0.05629616975784302,0.9646093249320984,0.2576049566268921,0,-0.007552459370344877,-0.2575951814651489,0.9662232398986816,0,0.0020630001090466976,0.041429001837968826,0,1
B17,mixamorig_LeftHandIndex3,16,0.9915410280227661,0.12957161664962769,0.0075460271909832954,0,-0.12713100016117096,0.9578651785850525,0.2575491964817047,0,0.026142990216612816,-0.2563299536705017,0.9662352204322815,0,-0.0023189999628812075,0.03904300183057785,0,1
B18,mixamorig_LeftHandIndex4,17,1,0,0,0,0,1,0,0,0,0,1,0,0.00025599999935366213,0.015521000139415264,0,1
B19,mixamorig_RightShoulder,3,0.10802489519119263,-0.008562291041016579,0.9941115975379944,0,-0.9298769235610962,-0.3545793890953064,0.09799089282751083,0,0.35165223479270935,-0.934986412525177,-0.04626529663801193,0,-0.06992100179195404,0.17142799496650696,-0.000018000000636675395,1
B20,mixamorig_RightArm,19,0.8134673237800598,-0.5725519061088562,0.10225100815296173,0,0.4324682950973511,0.7130034565925598,0.5519031882286072,0,-0.38889846205711365,-0.4047348201274872,0.8276153802871704,0,0,0.1502790004014969,0,1
B21,mixamorig_RightForeArm,20,0.8246442079544067,-0.5656455755233765,0.0027275518514215946,0,0.5656505227088928,0.8246223330497742,-0.006038642954081297,0,0.0011665315832942724,0.006522573996335268,0.9999780058860779,0,0,0.2641870081424713,0,1
B22,mixamorig_RightHand,21,0.9323246479034424,-0.022332897409796715,0.36093103885650635,0,-0.05277933180332184,0.9789997935295105,0.19691121578216553,0,-0.3577490746974945,-0.20263490080833435,0.9115670323371887,0,0,0.24348799884319305,0,1
B23,mixamorig_RightHandThumb1,22,0.8637440800666809,-0.4539537727832794,0.218796968460083,0,0.3810582160949707,0.8724808096885681,0.3058963119983673,0,-0.32975897192955017,-0.18084174394607544,0.9265830516815186,0,0.026616999879479408,0.051646001636981964,0,1
B24,mixamorig_RightHandThumb2,23,0.9479692578315735,0.3168328106403351,0.031181298196315765,0,-0.3175734281539917,0.9479650259017944,0.02255900762975216,0,-0.022411338984966278,-0.03128758445382118,0.9992590546607971,0,0.004387000110000372,0.04627399891614914,0,1
B25,mixamorig_RightHandThumb3,24,0.9019107818603516,-0.43145641684532166,-0.02006445825099945,0,0.40082502365112305,0.8533788323402405,-0.3332931697368622,0,0.16092392802238464,0.29255810379981995,0.9426092505455017,0,0.0031850000377744436,0.03016900084912777,0,1
B26,mixamorig_RightHandThumb4,25,1,0,0,0,0,1,0,0,0,0,1,0,-0.007571999914944172,0.017030000686645508,0,1
B27,mixamorig_RightHandIndex1,22,0.9750910401344299,-0.20062096416950226,-0.09460113942623138,0,0.22121457755565643,0.9107415676116943,0.3487325608730316,0,0.016194116324186325,-0.36097291111946106,0.9324356317520142,0,0,0.10203699767589569,-0.000039999998989515007,1
B28,mixamorig_RightHandIndex2,27,0.9925379157066345,-0.12008336931467056,-0.02117609977722168,0,0.11889433860778809,0.9145234823226929,0.38666605949401855,0,-0.027066120877861977,-0.38629841804504395,0.9219763875007629,0,0.0004910000134259462,0.042966000735759735,0,1
B29,mixamorig_RightHandIndex3,28,0.996783971786499,-0.07952066510915756,-0.009899037890136242,0,0.08003009855747223,0.981559693813324,0.17359641194343567,0,-0.0040880050510168076,-0.1738303005695343,0.9847667813301086,0,0.00009100000170292333,0.03691500052809715,0,1
B30,mixamorig_RightHandIndex4,29,1,0,0,0,0,1,0,0,0,0,1,0,-0.000582000007852912,0.021774999797344208,0,1
B31,mixamorig_LeftUpLeg,0,-0.9946104288101196,-0.006802827585488558,0.10345510393381119,0,0.06122789904475212,-0.8437990546226501,0.5331557989120483,0,0.08366835862398148,0.5366166830062866,0.8396680355072021,0,0.09092699736356735,-0.07256600260734558,0.02645299956202507,1
B32,mixamorig_LeftLeg,31,0.9968736171722412,0.04867056757211685,0.062240757048130035,0,-0.048660095781087875,0.9988135099411011,-0.0016846872167661786,0,-0.06224896386265755,-0.0013492223806679249,0.9980601072311401,0,0,0.4192889928817749,0,1
B33,mixamorig_LeftFoot,32,0.9552156329154968,-0.07904763519763947,-0.28515830636024475,0,0.28557777404785156,0.49869993329048157,0.8183780312538147,0,0.07751759141683578,-0.863162636756897,0.4989403486251831,0,0,0.2589139938354492,0,1
B34,mixamorig_LeftToeBase,33,0.971530020236969,0.05228390917181969,-0.23107698559761047,0,0.10372239351272583,0.7830424904823303,0.6132586002349854,0,0.21300667524337769,-0.6197670698165894,0.7553263902664185,0,0,0.14509999752044678,0,1
B35,mixamorig_LeftToe_End,34,1,0,0,0,0,1,0,0,0,0,1,0,0,0.06921099871397018,0,1
B36,mixamorig_RightUpLeg,0,-0.9758632779121399,-0.03338686004281044,-0.21581387519836426,0,0.061158936470746994,-0.9904812574386597,-0.12331783771514893,0,-0.20964238047599792,-0.1335402876138687,0.9686161875724792,0,-0.09092699736356735,-0.07256600260734558,0.02779100090265274,1
B37,mixamorig_RightLeg,36,0.996915876865387,-0.03929563984274864,0.06793021410703659,0,0.05116543918848038,0.9817905426025391,-0.1829458475112915,0,-0.059504278004169464,0.18585731089115143,0.9807732105255127,0,0,0.4194909930229187,0,1
B38,mixamorig_RightFoot,37,0.9078885912895203,-0.1576737016439438,0.3884299099445343,0,-0.35750600695610046,0.19267238676548004,0.9138199090957642,0,-0.2189251035451889,-0.9685128331184387,0.11855578422546387,0,0,0.2589719891548157,0,1
B39,mixamorig_RightToeBase,38,0.973035991191864,-0.03443516418337822,0.2280668169260025,0,-0.106962189078331,0.8086757659912109,0.5784486532211304,0,-0.20435108244419098,-0.5872458815574646,0.7831873893737793,0,0,0.14532600343227386,0,1
B40,mixamorig_RightToe_End,39,1,0,0,0,0,1,0,0,0,0,1,0,0,0.06869500130414963,0,1
@34,0,1,2,3,4,5,7,8,9,10,11,12,13,15,16,17,19,20,21,22,23,24,25,27,28,29,31,32,33,34,36,37,38,39
K0,0.9991750121116638,0.02486148104071617,-0.03212304785847664,0,-0.02374352142214775,0.999114990234375,0.034727200865745544,0,0.032957952469587326,-0.033935803920030594,0.9988800287246704,0,-0.001978999935090542,0.8303200006484985,-0.026388000696897507,1,0.9993730187416077,-0.028154883533716202,0.021449953317642212,0,0.025465117767453194,0.9928359389305115,0.11673817783594131,0,-0.02458304725587368,-0.11611882597208023,0.9929310083389282,0,0,0.13050800561904907,0.001221999991685152,1,0.9988769888877869,0.020049240440130234,0.04291686788201332,0,-0.02188175730407238,0.9988499283790588,0.042663902044296265,0,-0.042012132704257965,-0.04355509206652641,0.9981669783592224,0,0,0.1522659957408905,0,1,0.9988669753074646,0.0220088642090559,0.04219989851117134,0,-0.02378813736140728,0.9988290667533875,0.04213496297597885,0,-0.041223105043172836,-0.04309104382991791,0.9982200264930725,0,0,0.174017995595932,0,1,0.999301016330719,-0.0048010386526584625,-0.03707330301403999,0,0.004141961224377155,0.9998319745063782,-0.01783401146531105,0,0.037152696400880814,0.017667990177869797,0.9991530179977417,0,0,0.1957709938287735,0,1,0.9963399767875671,-0.03709625080227852,-0.07700993120670319,0,0.032646749168634415,0.9977680444717407,-0.058254677802324295,0,0.07899905741214752,0.05552732199430466,0.9953269362449646,0,0,0.04804300144314766,0.007654999848455191,1,0.16635610163211823,0.005948715843260288,-0.9860479235649109,0,0.918190062046051,-0.3655259609222412,0.15270262956619263,0,-0.3595176637172699,-0.9307821393013,-0.06626951694488525,0,0.06992100179195404,0.1714330017566681,0.00047400000039488077,1,0.8981841802597046,0.3972117304801941,-0.18838272988796234,0,-0.09399628639221191,0.5921218395233154,0.800348162651062,0,0.4294532537460327,-0.7011528611183167,0.5691709518432617,0,0,0.1502790004014969,0,1,0.9814239144325256,0.19185222685337067,0.0005560172139666975,0,-0.19185075163841248,0.9814220666885376,-0.0019509567646309733,0,-0.0009199828491546214,0.0018080431036651134,0.9999979138374329,0,0,0.264165997505188,0,1,0.9424781799316406,-0.005528874695301056,-0.3342227339744568,0,0.06892912834882736,0.9815890192985535,0.17813606560230255,0,0.3270843029022217,-0.1909269541501999,0.9255068898200989,0,0,0.24352900683879852,0,1,0.895637035369873,0.4105799198150635,-0.1710517406463623,0,-0.37737807631492615,0.9050070643424988,0.19633783400058746,0,0.23541522026062012,-0.1112961694598198,0.9655008912086487,0,-0.028666000813245773,0.05078500136733055,0,1,0.9860719442367554,-0.14780916273593903,-0.07624590396881104,0,0.1481008380651474,0.9889710545539856,-0.0018479082500562072,0,0.07567809522151947,-0.009469907730817795,0.9970869421958923,0,-0.0036140000447630882,0.04651299864053726,0,1,0.9493500590324402,0.15545909106731415,-0.27307000756263733,0,-0.22770191729068756,0.939224123954773,-0.25692272186279297,0,0.21653300523757935,0.30608823895454407,0.9270509481430054,0,-0.0007169999880716205,0.030040999874472618,0,1,0.9764920473098755,0.20648574829101562,0.06186145916581154,0,-0.21552224457263947,0.9401458501815796,0.2639613151550293,0,-0.0036545414477586746,-0.2710886299610138,0.9625470638275146,0,0,0.10704699903726578,0.0002589999930933118,1,0.9983750581741333,-0.05653299391269684,-0.007210837211459875,0,0.05648801475763321,0.9648380875587463,0.25670185685157776,0,-0.007554836571216583,-0.256692111492157,0.9664639234542847,0,0.0020630001090466976,0.041429001837968826,0,1,0.9915649890899658,0.129394069314003,0.007480032742023468,0,-0.1269669234752655,0.9581289887428284,0.25664904713630676,0,0.02604203298687935,-0.25543397665023804,0.9664760828018188,0,-0.0023189999628812075,0.03904300183057785,0,1,0.07247070223093033,-0.009603089652955532,0.9973240494728088,0,-0.9196379780769348,-0.38766738772392273,0.063092902302742,0,0.3860239088535309,-0.9217491149902344,-0.036925967782735825,0,-0.06992100179195404,0.17142799496650696,-0.000018000000636675395,1,0.8735290169715881,-0.4767829477787018,0.09811114519834518,0,0.28327107429504395,0.6618170738220215,0.694085955619812,0,-0.39585986733436584,-0.5785120129585266,0.7131750583648682,0,0,0.1502790004014969,0,1,0.9191538691520691,-0.3938952088356018,0.001719144405797124,0,0.3938988149166107,0.9191440343856812,-0.004204889293760061,0,0.00007614431524416432,0.004542110953480005,0.9999900460243225,0,0,0.2641870081424713,0,1,0.940329909324646,-0.05336426943540573,0.3360542058944702,0,0.019909730181097984,0.9945619702339172,0.10222268849611282,0,-0.33968180418014526,-0.08943231403827667,0.9362789988517761,0,0,0.24348799884319305,0,1,0.8637439608573914,-0.45395398139953613,0.21879693865776062,0,0.3810580372810364,0.8724799156188965,0.30589619278907776,0,-0.32975906133651733,-0.1808418482542038,0.9265829920768738,0,0.026616999879479408,0.051646001636981964,0,1,0.9268669486045837,0.37533438205718994,0.0065051657147705555,0,-0.37531062960624695,0.926172137260437,0.03670079633593559,0,0.007750165648758411,-0.036458201706409454,0.999305009841919,0,0.004387000110000372,0.04627399891614914,0,1,0.9030699729919434,-0.42891111969947815,-0.022384973242878914,0,0.3980129361152649,0.8553240299224854,-0.3316718637943268,0,0.16140402853488922,0.29061317443847656,0.9431289434432983,0,0.0031850000377744436,0.03016900084912777,0,1,0.9806879758834839,-0.17942209541797638,-0.07783582806587219,0,0.19461192190647125,0.9347420930862427,0.2972947955131531,0,0.019415168091654778,-0.3067011833190918,0.9516079425811768,0,0,0.10203699767589569,-0.000039999998989515007,1,0.9924829602241516,-0.12050814926624298,-0.02135135978460312,0,0.11930983513593674,0.9138439893722534,0.3881411850452423,0,-0.027262359857559204,-0.3877708315849304,0.9213521480560303,0,0.0004910000134259462,0.042966000735759735,0,1,0.9967470169067383,-0.07996618002653122,-0.010023167356848717,0,0.0804838314652443,0.9812420606613159,0.17517808079719543,0,-0.004173167981207371,-0.17541491985321045,0.9844859838485718,0,0.00009100000170292333,0.03691500052809715,0,1,-0.9840179681777954,0.026561152189970016,0.17607909440994263,0,0.033305153250694275,-0.9439120292663574,0.32851293683052063,0,0.17492888867855072,0.3291270136833191,0.9279419183731079,0,0.09092699736356735,-0.07256600260734558,0.02645299956202507,1,0.9962850213050842,-0.078196220099926,-0.03607923164963722,0,0.01011877041310072,0.5223411321640015,-0.8526768088340759,0,0.08552177995443344,0.8491441011428833,0.5211918950080872,0,0,0.4192889928817749,0,1,0.9566820859909058,0.07649815827608109,-0.2809046506881714,0,0.2351611852645874,0.3657769560813904,0.9005039930343628,0,0.17163537442684174,-0.9275540113449097,0.33194291591644287,0,0,0.2589139938354492,0,1,0.9709439873695374,0.055974822491407394,-0.23267002403736115,0,0.10369983315467834,0.7778220176696777,0.6198700666427612,0,0.21567298471927643,-0.6259869933128357,0.7494170665740967,0,0,0.14509999752044678,0,1,-0.9926028847694397,-0.021321747452020645,-0.1195172667503357,0,0.009975255466997623,-0.9954519271850586,0.09474202245473862,0,-0.1209937259554863,0.09284897148609161,0.9883009791374207,0,-0.09092699736356735,-0.07256600260734558,0.02779100090265274,1,0.9963970184326172,-0.05405403673648834,0.06535287946462631,0,0.06492596864700317,0.9819380044937134,-0.1777171641588211,0,-0.05456611514091492,0.18131984770298004,0.9819089770317078,0,0,0.4194909930229187,0,1,0.9561209678649902,-0.06830260902643204,0.28490033745765686,0,-0.23684559762477875,0.3921841084957123,0.8888729810714722,0,-0.1724456250667572,-0.9173470139503479,0.358798086643219,0,0,0.2589719891548157,0,1,0.9730960130691528,-0.034029770642519,0.2278720736503601,0,-0.10698077082633972,0.8092138767242432,0.5776922106742859,0,-0.20405596494674683,-0.5865278840065002,0.7838021516799927,0,0,0.14532600343227386,0,1
K0.034,0.9994152188301086,0.02361181378364563,-0.02473209798336029,0,-0.022475432604551315,0.9987219572067261,0.04525889828801155,0,0.025769149884581566,-0.04467659443616867,0.9986692070960999,0,-0.0003003532765433192,0.8317468166351318,0.016868041828274727,1,0.9996417164802551,-0.025894979014992714,0.006700641941279173,0,0.025004547089338303,0.9936511516571045,0.10968941450119019,0,-0.009498516097664833,-0.10948268324136734,0.9939436912536621,0,0,0.13050800561904907,0.001221999991685152,1,0.9994304180145264,0.010437749326229095,0.03208407387137413,0,-0.011670622043311596,0.9991916418075562,0.03848211467266083,0,-0.031656477600336075,-0.038834650069475174,0.998744547367096,0,0,0.1522659957408905,0,1,0.9994347095489502,0.012089359574019909,0.031377363950014114,0,-0.013283844105899334,0.9991843104362488,0.038143306970596313,0,-0.030890638008713722,-0.038538552820682526,0.9987800121307373,0,0,0.174017995595932,0,1,0.9994449615478516,-0.006852373480796814,-0.032600317150354385,0,0.006294771563261747,0.9998325705528259,-0.017176151275634766,0,0.032712552696466446,0.01696140319108963,0.9993206858634949,0,0,0.1957709938287735,0,1,0.9978252649307251,-0.035517368465662,-0.05552901327610016,0,0.03267408907413483,0.9981491565704346,-0.05129928141832352,0,0.05724821612238884,0.0493733249604702,0.9971383213996887,0,0,0.04804300144314766,0.007654999848455191,1,0.1489960253238678,0.00682337349280715,-0.9888138771057129,0,0.921936571598053,-0.36252301931381226,0.1364172399044037,0,-0.35753726959228516,-0.9319502115249634,-0.06030527129769325,0,0.06992100179195404,0.1714330017566681,0.00047400000039488077,1,0.9157804250717163,0.33289140462875366,-0.2247857004404068,0,-0.011120905168354511,0.580414354801178,0.8142449259757996,0,0.40152427554130554,-0.7431703209877014,0.5352345108985901,0,0,0.1502790004014969,0,1,0.9815011620521545,0.19145524501800537,0.0005562678561545908,0,-0.1914539486169815,0.9815001487731934,-0.00194713962264359,0,-0.0009187666582874954,0.0018046193290501833,0.9999979734420776,0,0,0.264165997505188,0,1,0.9450880885124207,0.031770166009664536,-0.3252681493759155,0,0.0476996935904026,0.9711974263191223,0.2334551215171814,0,0.32331642508506775,-0.2361508011817932,0.9163514375686646,0,0,0.24352900683879852,0,1,0.895637035369873,0.4105799198150635,-0.1710517555475235,0,-0.37737807631492615,0.9050070643424988,0.19633784890174866,0,0.2354152351617813,-0.11129618436098099,0.9655008912086487,0,-0.028666000813245773,0.05078500136733055,0,1,0.9874390959739685,-0.14116649329662323,-0.0709599107503891,0,0.1405152678489685,0.9899776577949524,-0.014112100936472416,0,0.07224094867706299,0.00396389327943325,0.997379720211029,0,-0.0036140000447630882,0.04651299864053726,0,1,0.9507920742034912,0.15145041048526764,-0.27029135823249817,0,-0.2225741744041443,0.9407554864883423,-0.2558126747608185,0,0.2155352085828781,0.3033846318721771,0.9281721115112305,0,-0.0007169999880716205,0.030040999874472618,0,1,0.975066065788269,0.2137163132429123,0.05975409224629402,0,-0.22187313437461853,0.9439755082130432,0.24430114030838013,0,-0.004195259418338537,-0.25146761536598206,0.9678565263748169,0,0,0.10704699903726578,0.0002589999930933118,1,0.9983771443367004,-0.05648624151945114,-0.007212269119918346,0,0.056441549211740494,0.9647831320762634,0.2569204866886139,0,-0.007554200943559408,-0.2569107115268707,0.966405987739563,0,0.0020630001090466976,0.041429001837968826,0,1,0.9915596842765808,0.12943674623966217,0.00749553507193923,0,-0.12700611352920532,0.9580647945404053,0.25686657428741455,0,0.026066774502396584,-0.2556506097316742,0.9664180278778076,0,-0.0023189999628812075,0.03904300183057785,0,1,0.07809838652610779,-0.009347892366349697,0.9969015717506409,0,-0.9211506247520447,-0.38311854004859924,0.06857151538133621,0,0.38129064440727234,-0.9236522912979126,-0.038531821221113205,0,-0.06992100179195404,0.17142799496650696,-0.000018000000636675395,1,0.8550068140029907,-0.5091880559921265,0.09844017773866653,0,0.3218344748020172,0.669783353805542,0.6691883206367493,0,-0.40667638182640076,-0.540479302406311,0.7365437746047974,0,0,0.1502790004014969,0,1,0.897672176361084,-0.4406586289405823,0.0019480878254398704,0,0.44066280126571655,0.897659957408905,-0.004703881219029427,0,0.0003240857331547886,0.005080996546894312,0.9999868869781494,0,0,0.2641870081424713,0,1,0.9405139088630676,-0.020747272297739983,0.3391222357749939,0,-0.029690785333514214,0.9892962574958801,0.14286823570728302,0,-0.33845633268356323,-0.14443829655647278,0.9298304319381714,0,0,0.24348799884319305,0,1,0.8637439608573914,-0.45395398139953613,0.21879693865776062,0,0.3810580372810364,0.8724799156188965,0.30589619278907776,0,-0.32975906133651733,-0.1808418482542038,0.9265829920768738,0,0.026616999879479408,0.051646001636981964,0,1,0.9285439252853394,0.3711724281311035,0.006095575168728828,0,-0.3711586892604828,0.9279546737670898,0.03379577025771141,0,0.006887638941407204,-0.033643268048763275,0.999410092830658,0,0.004387000110000372,0.04627399891614914,0,1,0.9030253887176514,-0.429007887840271,-0.022296588867902756,0,0.39811989665031433,0.8552497029304504,-0.331733763217926,0,0.161385640501976,0.2906874418258667,0.9431092739105225,0,0.0031850000377744436,0.03016900084912777,0,1,0.9800715446472168,-0.18195202946662903,-0.07970895618200302,0,0.19772639870643616,0.9321116805076599,0.3034338355064392,0,0.019087251275777817,-0.31314751505851746,0.9495130777359009,0,0,0.10203699767589569,-0.000039999998989515007,1,0.992481529712677,-0.12051968276500702,-0.021356217563152313,0,0.11932117491960526,0.9138256907463074,0.38818129897117615,0,-0.027267631143331528,-0.3878110945224762,0.9213358759880066,0,0.0004910000134259462,0.042966000735759735,0,1,0.9967460632324219,-0.07997819036245346,-0.010026426985859871,0,0.08049602061510086,0.9812331795692444,0.17522063851356506,0,-0.004175565671175718,-0.17545755207538605,0.9844781160354614,0,0.00009100000170292333,0.03691500052809715,0,1,-0.9855643510818481,0.048863835632801056,0.1620970219373703,0,0.020306071266531944,-0.9164154529571533,0.3997143805027008,0,0.1680796593427658,0.3972354829311371,0.9021934866905212,0,0.09092699736356735,-0.07256600260734558,0.02645299956202507,1,0.9982657432556152,-0.05850546061992645,-0.006490947678685188,0,0.03809306025505066,0.7261371612548828,-0.6864935159683228,0,0.044876959174871445,0.6850559711456299,0.7271068096160889,0,0,0.4192889928817749,0,1,0.9582683444023132,0.032562073320150375,-0.28401145339012146,0,0.24811558425426483,0.3987260162830353,0.8828681707382202,0,0.14199067652225494,-0.9164916276931763,0.37400710582733154,0,0,0.2589139938354492,0,1,0.9729582667350769,0.043074700981378555,-0.22692762315273285,0,0.10387875884771347,0.7958943247795105,0.5964572429656982,0,0.2063027173280716,-0.603901207447052,0.7698977589607239,0,0,0.14509999752044678,0,1,-0.9905616044998169,-0.020641066133975983,-0.1355079710483551,0,0.020999744534492493,-0.9997786283493042,-0.001217960030771792,0,-0.1354527622461319,-0.004052094649523497,0.9907752871513367,0,-0.09092699736356735,-0.07256600260734558,0.02779100090265274,1,0.9938849806785583,-0.07256457954645157,0.08322712033987045,0,0.07779145985841751,0.9950786232948303,-0.061377935111522675,0,-0.07836365699768066,0.06747695803642273,0.9946385622024536,0,0,0.4194909930229187,0,1,0.9567623734474182,-0.057369887828826904,0.28515729308128357,0,-0.24302265048027039,0.3810318410396576,0.8920503854751587,0,-0.15983083844184875,-0.9227798581123352,0.3506146967411041,0,0,0.2589719891548157,0,1,0.9734115600585938,-0.03189128637313843,0.22683323919773102,0,-0.1070808619260788,0.8120457530021667,0.5736854672431946,0,-0.20249459147453308,-0.5827217698097229,0.7870400547981262,0,0,0.14532600343227386,0,1
K0.069,0.9998858571052551,0.006898694671690464,-0.013469308614730835,0,-0.00613171374425292,0.9984023571014404,0.056176573038101196,0,0.01383532676845789,-0.05608753859996796,0.9983301162719727,0,0.0028151634614914656,0.8266335725784302,0.061863407492637634,1,0.9999389052391052,-0.0015932630049064755,-0.010936912149190903,0,0.0026976705994457006,0.9948094487190247,0.10172093659639359,0,0.010718070901930332,-0.10174418985843658,0.9947525858879089,0,0,0.13050800561904907,0.001221999991685152,1,0.9997777938842773,-0.0023385637905448675,0.020943861454725266,0,0.0016025351360440254,0.9993828535079956,0.03509102389216423,0,-0.021013006567955017,-0.0350496731698513,0.999164879322052,0,0,0.1522659957408905,0,1,0.9997904300689697,-0.0009673853055574,0.020450003445148468,0,0.0002562301233410835,0.9993962645530701,0.03474937379360199,0,-0.02047126740217209,-0.034736838191747665,0.9991866946220398,0,0,0.174017995595932,0,1,0.999640166759491,-0.004126051906496286,-0.026492273434996605,0,0.0036300758365541697,0.9998178482055664,-0.018742486834526062,0,0.02656477689743042,0.018639571964740753,0.9994729161262512,0,0,0.1957709938287735,0,1,0.9986861348152161,-0.03498797118663788,-0.037450261414051056,0,0.03305288404226303,0.9981462955474854,-0.05109868571162224,0,0.03916868567466736,0.04979371652007103,0.9979915618896484,0,0,0.04804300144314766,0.007654999848455191,1,0.13335517048835754,0.007523625623434782,-0.991039514541626,0,0.9247199296951294,-0.3606710731983185,0.12169307470321655,0,-0.35652390122413635,-0.9326629638671875,-0.05505465343594551,0,0.06992100179195404,0.1714330017566681,0.00047400000039488077,1,0.9282264709472656,0.2681213617324829,-0.25788742303848267,0,0.06623847037553787,0.5630238652229309,0.8237820863723755,0,0.3660704493522644,-0.7817386388778687,0.5048538446426392,0,0,0.1502790004014969,0,1,0.9819507598876953,0.18913429975509644,0.0005612180102616549,0,-0.18913301825523376,0.9819497466087341,-0.0019233138300478458,0,-0.000914852658752352,0.0017824548995122313,0.9999979734420776,0,0,0.264165997505188,0,1,0.945411205291748,0.068299300968647,-0.31864336133003235,0,0.01795755885541439,0.965386152267456,0.26020464301109314,0,0.32538557052612305,-0.2517223358154297,0.9114600419998169,0,0,0.24352900683879852,0,1,0.8956369161605835,0.41058000922203064,-0.17105206847190857,0,-0.377377986907959,0.9050069451332092,0.19633837044239044,0,0.23541581630706787,-0.11129654943943024,0.965501070022583,0,-0.028666000813245773,0.05078500136733055,0,1,0.9877504110336304,-0.138034850358963,-0.07276406139135361,0,0.1374092996120453,0.9904217720031738,-0.013559400103986263,0,0.07393882423639297,0.0033948461059480906,0.9972573518753052,0,-0.0036140000447630882,0.04651299864053726,0,1,0.9507740139961243,0.15166133642196655,-0.2702346444129944,0,-0.22273139655590057,0.940756618976593,-0.2556696832180023,0,0.2154500037431717,0.3032740652561188,0.928227424621582,0,-0.0007169999880716205,0.030040999874472618,0,1,0.9755513072013855,0.211782306432724,0.05871114879846573,0,-0.21973055601119995,0.9449836015701294,0.2423328012228012,0,-0.004159271717071533,-0.24930866062641144,0.968414843082428,0,0,0.10704699903726578,0.0002589999930933118,1,0.9983800053596497,-0.056441280990839005,-0.007213677745312452,0,0.05639677867293358,0.9647289514541626,0.2571330666542053,0,-0.007553677540272474,-0.25712335109710693,0.966349184513092,0,0.0020630001090466976,0.041429001837968826,0,1,0.9915540814399719,0.12947872281074524,0.00751181086525321,0,-0.127045139670372,0.958003044128418,0.25707876682281494,0,0.026089878752827644,-0.25586169958114624,0.9663610458374023,0,-0.0023189999628812075,0.03904300183057785,0,1,0.08418400585651398,-0.0092007452622056,0.996407687664032,0,-0.9258303642272949,-0.3704643249511719,0.0748002827167511,0,0.3684452176094055,-0.9288012981414795,-0.039705511182546616,0,-0.06992100179195404,0.17142799496650696,-0.000018000000636675395,1,0.8394654393196106,-0.5341981649398804,0.0996510460972786,0,0.358020156621933,0.6816454529762268,0.6381083130836487,0,-0.4088027775287628,-0.4999925494194031,0.7634711265563965,0,0,0.1502790004014969,0,1,0.8615162968635559,-0.5077248215675354,0.0023339742328971624,0,0.507729709148407,0.8614996075630188,-0.005420689936727285,0,0.0007415006984956563,0.005855040159076452,0.9999828338623047,0,0,0.2641870081424713,0,1,0.9351897835731506,0.009427106939256191,0.3540228009223938,0,-0.07908739894628525,0.9799591898918152,0.18282310664653778,0,-0.34520423412323,-0.1989729404449463,0.9171929955482483,0,0,0.24348799884319305,0,1,0.8637439608573914,-0.4539540112018585,0.21879710257053375,0,0.3810580372810364,0.8724799752235413,0.3058963119983673,0,-0.3297589421272278,-0.18084171414375305,0.9265821576118469,0,0.026616999879479408,0.051646001636981964,0,1,0.934988796710968,0.3542969524860382,0.01641656644642353,0,-0.3546528220176697,0.9344624280929565,0.031628869473934174,0,-0.004134656395763159,-0.03539484366774559,0.999364972114563,0,0.004387000110000372,0.04627399891614914,0,1,0.9026383757591248,-0.4298618733882904,-0.021518580615520477,0,0.3990629017353058,0.8545992970466614,-0.3322789967060089,0,0.16122372448444366,0.29134032130241394,0.9429355263710022,0,0.0031850000377744436,0.03016900084912777,0,1,0.9780306816101074,-0.18991206586360931,-0.0859641432762146,0,0.20769353210926056,0.9230902194976807,0.32367756962776184,0,0.017882388085126877,-0.3344208598136902,0.9422543048858643,0,0,0.10203699767589569,-0.000039999998989515007,1,0.9925252199172974,-0.12018413096666336,-0.02121751941740513,0,0.11899282038211823,0.9143622517585754,0.38701707124710083,0,-0.027112793177366257,-0.3866487443447113,0.9218281507492065,0,0.0004910000134259462,0.042966000735759735,0,1,0.9967754483222961,-0.07962672412395477,-0.009928122162818909,0,0.08013803511857986,0.9814845323562622,0.17397265136241913,0,-0.0041085705161094666,-0.1742071807384491,0.9847001433372498,0,0.00009100000170292333,0.03691500052809715,0,1,-0.988503098487854,0.050664324313402176,0.14246158301830292,0,0.014795259572565556,-0.9052585363388062,0.4246020019054413,0,0.15047676861286163,0.4218282401561737,0.8941015005111694,0,0.09092699736356735,-0.07256600260734558,0.02645299956202507,1,0.9991421103477478,-0.030873121693730354,0.02760283835232258,0,0.038866039365530014,0.9291843771934509,-0.3675662875175476,0,-0.014300210401415825,0.36832377314567566,0.929587185382843,0,0,0.4192889928817749,0,1,0.957526683807373,-0.025221414864063263,-0.28723928332328796,0,0.2619820535182953,0.49222198128700256,0.8301101922988892,0,0.1204490214586258,-0.8701046705245972,0.47792351245880127,0,0,0.2589139938354492,0,1,0.9739487171173096,0.03650074824690819,-0.22381268441677094,0,0.1040816605091095,0.8049129247665405,0.5841944813728333,0,0.20147305727005005,-0.5922695994377136,0.7801440358161926,0,0,0.14509999752044678,0,1,-0.9859044551849365,-0.02461773343384266,-0.16548794507980347,0,0.03453579172492027,-0.9977577328681946,-0.05732416361570358,0,-0.1637057662010193,-0.062231436371803284,0.9845445156097412,0,-0.09092699736356735,-0.07256600260734558,0.02779100090265274,1,0.991261899471283,-0.06510402262210846,0.11472494900226593,0,0.07110461592674255,0.9962639808654785,-0.04900860786437988,0,-0.11110570281744003,0.05673785135149956,0.9921879172325134,0,0,0.4194909930229187,0,1,0.955142617225647,-0.08546549826860428,0.28354522585868835,0,-0.23923775553703308,0.3416474759578705,0.9088682532310486,0,-0.17454954981803894,-0.9359343647956848,0.3058758080005646,0,0,0.2589719891548157,0,1,0.9735889434814453,-0.03067685477435589,0.22623750567436218,0,-0.10714174807071686,0.8136475086212158,0.5714002251625061,0,-0.20160634815692902,-0.5805484056472778,0.7888714671134949,0,0,0.14532600343227386,0,1
