1.167,30,35,41
B0,mixamorig_Hips,-1,-0.15885625779628754,-0.8451335430145264,-0.5104061961174011,0,0.3019603192806244,0.450609028339386,-0.8401017189025879,0,0.9399915933609009,-0.2875777781009674,0.18361468613147736,0,0.03348653018474579,0.8331745862960815,0.2688084840774536,1
B1,mixamorig_Spine,0,0.9968392848968506,0.07209772616624832,0.0333743542432785,0,-0.07288427650928497,0.9970756769180298,0.022982407361268997,0,-0.03161976858973503,-0.025342227891087532,0.9991787672042847,0,0,0.1327120065689087,0.0014430000446736813,1
B2,mixamorig_Spine1,1,0.9964210987091064,0.07945854961872101,0.028832731768488884,0,-0.0803849846124649,0.9962330460548401,0.03253469616174698,0,-0.026138966903090477,-0.03473598510026932,0.9990550875663757,0,0,0.15484000742435455,0,1
B3,mixamorig_Spine2,2,0.9963943362236023,0.07915055751800537,0.030561577528715134,0,-0.08011659979820251,0.9962786436080933,0.0317954421043396,0,-0.027931202203035355,-0.03412926569581032,0.9990270733833313,0,0,0.17696000635623932,0,1
B4,mixamorig_Neck,3,0.9860137701034546,-0.14782214164733887,0.07697854191064835,0,0.1374058574438095,0.9824051856994629,0.12649193406105042,0,-0.09432236105203629,-0.11414539813995361,0.988976001739502,0,0,0.19908000528812408,0,1
B5,mixamorig_Head,4,0.6881774067878723,0.25493380427360535,0.6792793869972229,0,-0.2936617136001587,0.9539914727210999,-0.06052491068840027,0,-0.6634566187858582,-0.1578264683485031,0.7313796281814575,0,0,0.05678899958729744,0.008674999698996544,1
B6,mixamorig_HeadTop_End,5,1,0,0,0,0,1,0,0,0,0,1,0,0,0.3051069974899292,0.04660699889063835,1
B7,mixamorig_LeftShoulder,3,0.26974427700042725,0.15282143652439117,-0.9507282376289368,0,0.9559080004692078,-0.16153496503829956,0.24524857103824615,0,-0.11609656363725662,-0.9749630093574524,-0.18965637683868408,0,0.069862000644207,0.17641699314117432,0.0006750000175088644,1
B8,mixamorig_LeftArm,7,0.4399738907814026,0.8253823518753052,-0.35378918051719666,0,-0.8969723582267761,0.3849816918373108,-0.217325359582901,0,-0.0431741438806057,0.41295647621154785,0.9097267985343933,0,0,0.14940999448299408,0,1
B9,mixamorig_LeftForeArm,8,0.30251333117485046,0.9530391693115234,-0.014212748035788536,0,-0.9530637860298157,0.30225884914398193,-0.01758670248091221,0,-0.012464892119169235,0.01886587217450142,0.9997446537017822,0,0,0.2703000009059906,0,1
B10,mixamorig_LeftHand,9,0.4434105455875397,-0.2517000436782837,-0.8602527976036072,0,-0.6206027269363403,0.6062762141227722,-0.4972742199897766,0,0.6467143893241882,0.7543714046478271,0.11262345314025879,0,0,0.2722789943218231,0,1
B11,mixamorig_LeftHandThumb1,10,0.7119226455688477,0.6742478609085083,-0.19635671377182007,0,-0.5842090249061584,0.7237879037857056,0.3671931326389313,0,0.38969990611076355,-0.14669978618621826,0.9091829657554626,0,-0.02849300019443035,0.031202999874949455,0,1
B12,mixamorig_LeftHandThumb2,11,0.9706534147262573,-0.23778733611106873,0.035901233553886414,0,0.23080945014953613,0.9630858302116394,0.1385364830493927,0,-0.0675181970000267,-0.1261845827102661,0.9897061586380005,0,-0.005913999862968922,0.03328299894928932,0,1
B13,mixamorig_LeftHandThumb3,12,0.9985413551330566,-0.0440053716301918,0.03128259256482124,0,0.0491986908018589,0.9802614450454712,-0.19148528575897217,0,-0.02223873697221279,0.19274501502513885,0.9809965491294861,0,0.00011000000085914508,0.026717999950051308,0,1
B14,mixamorig_LeftHandThumb4,13,1,0,0,0,0,1,0,0,0,0,1,0,0.005803999956697226,0.018717000260949135,0,1
B15,mixamorig_LeftHandIndex1,10,0.9568372964859009,0.2793619930744171,0.08011879771947861,0,-0.2565588355064392,0.6824454665184021,0.6844305992126465,0,0.13652721047401428,-0.6754441261291504,0.7246622443199158,0,0,0.07073699682950974,0.0002589999930933118,1
B16,mixamorig_LeftHandIndex2,15,0.9939821362495422,0.0956328958272934,0.053418826311826706,0,-0.09241589903831482,0.4703052043914795,0.8776512742042542,0,0.05880920588970184,-0.8773067593574524,0.47631311416625977,0,0.0020639998838305473,0.041429001837968826,0,1
B17,mixamorig_LeftHandIndex3,16,0.993125319480896,0.11701027303934097,0.0033362458925694227,0,-0.11541998386383057,0.9740811586380005,0.19453434646129608,0,0.019512739032506943,-0.19358201324939728,0.9808897972106934,0,-0.002319999970495701,0.03904300183057785,0,1
B18,mixamorig_LeftHandIndex4,17,1,0,0,0,0,1,0,0,0,0,1,0,0.00025599999935366213,0.015521000139415264,0,1
B19,mixamorig_RightShoulder,3,0.1310270130634308,-0.08941798657178879,0.9873377680778503,0,-0.9892066717147827,-0.07768288999795914,0.12423969060182571,0,0.06559000164270401,-0.9929600358009338,-0.09863143414258957,0,-0.069862000644207,0.17640699446201324,-0.00018200000340584666,1
B20,mixamorig_RightArm,19,0.8029622435569763,0.368632972240448,-0.46836057305336,0,-0.17258672416210175,0.8959365487098694,0.4092811942100525,0,0.5704960227012634,-0.24780455231666565,0.7830245494842529,0,0,0.14940999448299408,0,1
B21,mixamorig_RightForeArm,20,0.9999979138374329,7.276758084984181e-10,0.0020969996694475412,0,7.276756974761156e-10,1,-6.940153411960637e-7,0,-0.0020969996694475412,6.940153980394825e-7,0.9999979138374329,0,0,0.2703149914741516,0,1
B22,mixamorig_RightHand,21,0.37489625811576843,0.20784462988376617,0.9034671783447266,0,0.3034861087799072,0.8933312892913818,-0.33144527673721313,0,-0.8759849071502686,0.3984474837779999,0.27182868123054504,0,0,0.27237099409103394,0,1
B23,mixamorig_RightHandThumb1,22,0.6818681359291077,-0.6050430536270142,0.41106942296028137,0,0.4531455338001251,0.7905516028404236,0.4119311571121216,0,-0.5742079615592957,-0.09460852295160294,0.8132249116897583,0,0.026701999828219414,0.03265500068664551,0,1
B24,mixamorig_RightHandThumb2,23,0.9490092992782593,0.3147340714931488,-0.01798010990023613,0,-0.30769413709640503,0.9371740818023682,0.16440515220165253,0,0.06859441846609116,-0.1504896879196167,0.9862291216850281,0,0.0064690001308918,0.03311999887228012,0,1
B25,mixamorig_RightHandThumb3,24,0.9597529768943787,-0.27690282464027405,0.04688936844468117,0,0.280841588973999,0.9454613327980042,-0.16501930356025696,0,0.0013622300466522574,0.1715463101863861,0.9851754903793335,0,0.0023980000987648964,0.027009999379515648,0,1
B26,mixamorig_RightHandThumb4,25,1,0,0,0,0,1,0,0,0,0,1,0,-0.008867999538779259,0.01652899943292141,0,1
B27,mixamorig_RightHandIndex1,22,0.9855148196220398,-0.16699165105819702,0.029573312029242516,0,0.16945478320121765,0.9766042232513428,-0.13239766657352448,0,-0.006772116292268038,0.13549122214317322,0.9907556176185608,0,0,0.061167001724243164,0.001075000036507845,1
B28,mixamorig_RightHandIndex2,27,0.9884595274925232,-0.14952105283737183,-0.024318736046552658,0,0.1493852287530899,0.9354696273803711,0.32028162479400635,0,-0.025139406323432922,-0.3202182650566101,0.9470100998878479,0,0.0012580000329762697,0.043793000280857086,0,1
B29,mixamorig_RightHandIndex3,28,0.99992835521698,-0.011841493658721447,-0.0018248282140120864,0,0.011970128864049911,0.9939112663269043,0.10953254252672195,0,0.0005166881601326168,-0.1095464900135994,0.9939813613891602,0,-0.00101200002245605,0.03587700054049492,0,1
B30,mixamorig_RightHandIndex4,29,1,0,0,0,0,1,0,0,0,0,1,0,-0.0002460000105202198,0.026379000395536423,0,1
B31,mixamorig_LeftUpLeg,0,-0.7432516813278198,-0.4590694308280945,0.4866538941860199,0,0.668538510799408,-0.536999523639679,0.5144772529602051,0,0.02515212632715702,0.7077332735061646,0.7060316205024719,0,0.09093800187110901,-0.07378999888896942,0.026993999257683754,1
B32,mixamorig_LeftLeg,31,0.9921485781669617,0.09539949893951416,0.08087868243455887,0,-0.041558366268873215,0.8613899946212769,-0.5062408447265625,0,-0.11796317994594574,0.498904824256897,0.8585912585258484,0,0,0.40217500925064087,0,1
B33,mixamorig_LeftFoot,32,0.9655660390853882,0.23660890758037567,0.10816145688295364,0,-0.1715506762266159,0.26650962233543396,0.9484429359436035,0,0.1955837458372116,-0.934338390827179,0.2979227304458618,0,0,0.2589139938354492,0,1
B34,mixamorig_LeftToeBase,33,0.9642245769500732,0.09538570046424866,-0.2473309338092804,0,0.10485289990901947,0.7196938395500183,0.6863284111022949,0,0.24346838891506195,-0.6877079010009766,0.683944821357727,0,0,0.14509999752044678,0,1
B35,mixamorig_LeftToe_End,34,1,0,0,0,0,1,0,0,0,0,1,0,0,0.06921099871397018,0,1
B36,mixamorig_RightUpLeg,0,-0.6271651983261108,0.6964876651763916,-0.3486672341823578,0,-0.5829781293869019,-0.7166217565536499,-0.3828710913658142,0,-0.5165275931358337,-0.03685804083943367,0.8554774522781372,0,-0.09093800187110901,-0.07378999888896942,0.028398999944329262,1
B37,mixamorig_RightLeg,36,0.9862598180770874,-0.12241233885288239,0.11093377321958542,0,0.14791280031204224,0.35527801513671875,-0.9229835271835327,0,0.0735723003745079,0.9267109036445618,0.3685031235218048,0,0,0.4023919999599457,0,1
B38,mixamorig_RightFoot,37,0.9163883924484253,0.38541609048843384,0.10810526460409164,0,-0.3956317901611328,0.8309861421585083,0.39107200503349304,0,0.06089148670434952,-0.4011438190937042,0.9139891266822815,0,0,0.2589719891548157,0,1
B39,mixamorig_RightToeBase,38,0.9853158593177795,0.07773590087890625,0.1520196795463562,0,-0.12486867606639862,0.9353108406066895,0.3310615122318268,0,-0.1164502501487732,-0.3451825678348541,0.9312831163406372,0,0,0.14532600343227386,0,1
B40,mixamorig_RightToe_End,39,1,0,0,0,0,1,0,0,0,0,1,0,0,0.06869500130414963,0,1
@34,0,1,2,3,4,5,7,8,9,10,11,12,13,15,16,17,19,20,21,22,23,24,25,27,28,29,31,32,33,34,36,37,38,39
K0,0.8182789087295532,-0.049510836601257324,0.572685182094574,0,-0.03338983654975891,0.9905070066452026,0.13334207236766815,0,-0.5738507509231567,-0.1282329112291336,0.8088580965995789,0,0.014077999629080296,0.7450259923934937,-0.01747800037264824,1,0.9947369694709778,0.08179093897342682,-0.061719246208667755,0,-0.07623106986284256,0.9932329654693604,0.08761604875326157,0,0.06846775114536285,-0.08244995027780533,0.9942400455474854,0,0,0.1327120065689087,0.0014430000446736813,1,0.9994999766349792,0.01580377109348774,-0.027377689257264137,0,-0.01471622847020626,0.9991120100021362,0.0394798181951046,0,0.02797730825841427,-0.039057180285453796,0.9988449215888977,0,0,0.15484000742435455,0,1,0.9994760751724243,0.014914844185113907,-0.028741855174303055,0,-0.013792156241834164,0.9991490244865417,0.03887089714407921,0,0.02929714135825634,-0.03845410421490669,0.9988309144973755,0,0,0.17696000635623932,0,1,0.9978529810905457,-0.014832678250968456,-0.06378621608018875,0,0.011954321525990963,0.9989029765129089,-0.0452723503112793,0,0.06438777595758438,0.04441264644265175,0.996936023235321,0,0,0.19908000528812408,0,1,0.939378023147583,-0.09943680465221405,-0.32814908027648926,0,0.12162017822265625,0.9914279580116272,0.04773101210594177,0,0.32058990001678467,-0.08474700152873993,0.9434190392494202,0,0,0.05678899958729744,0.008674999698996544,1,0.21057675778865814,0.14801335334777832,-0.9663069844245911,0,0.9663928151130676,-0.1806126832962036,0.18293023109436035,0,-0.14745119214057922,-0.972352921962738,-0.18107186257839203,0,0.069862000644207,0.17641699314117432,0.0006750000175088644,1,0.6492632627487183,0.12207860499620438,0.7507028579711914,0,-0.5459083318710327,0.7620556950569153,0.3482170104980469,0,-0.5295670628547668,-0.6358988881111145,0.5614179968833923,0,0,0.14940999448299408,0,1,-0.276163250207901,0.9607878923416138,-0.02489103190600872,0,-0.9608129858970642,-0.276629775762558,-0.017729632556438446,0,-0.023920029401779175,0.019019361585378647,0.99953293800354,0,0,0.2703000009059906,0,1,0.8616869449615479,-0.046356864273548126,-0.5053190588951111,0,0.00140313187148422,0.9960319399833679,-0.08898112922906876,0,0.5074389576911926,0.07596486061811447,0.8583329916000366,0,0,0.2722789943218231,0,1,0.7278030514717102,0.6856439113616943,0.013942386023700237,0,-0.6827610731124878,0.7225359678268433,0.10852890461683273,0,0.06433838605880737,-0.08850708603858948,0.9939959645271301,0,-0.02849300019443035,0.031202999874949455,0,1,0.8260101079940796,-0.5599057674407959,0.06490606814622879,0,0.5320942997932434,0.8125637769699097,0.23794130980968475,0,-0.1859649270772934,-0.1620056927204132,0.969107985496521,0,-0.005913999862968922,0.03328299894928932,0,1,0.9228190779685974,-0.370991975069046,0.10378175228834152,0,0.38049399852752686,0.9198979735374451,-0.09493287652730942,0,-0.060249246656894684,0.127094104886055,0.990058958530426,0,0.00011000000085914508,0.026717999950051308,0,1,0.9748521447181702,0.1861015111207962,0.12259393185377121,0,-0.22174251079559326,0.7552079558372498,0.6168398857116699,0,0.022210929542779922,-0.6285121440887451,0.7774828672409058,0,0,0.07073699682950974,0.0002589999930933118,1,0.9882559776306152,0.1239938959479332,0.08930308371782303,0,-0.11919112503528595,0.2598051130771637,0.9582769274711609,0,0.0956190824508667,-0.9576670527458191,0.27153295278549194,0,0.0020639998838305473,0.041429001837968826,0,1,0.9888249635696411,0.14825236797332764,0.01572277583181858,0,-0.1441616266965866,0.9239699840545654,0.3542550504207611,0,0.03799177706241608,-0.35256287455558777,0.9350169897079468,0,-0.002319999970495701,0.03904300183057785,0,1,0.23882421851158142,-0.07939611375331879,0.9678118824958801,0,-0.9677899479866028,-0.10122212022542953,0.230514794588089,0,0.07966204732656479,-0.9916909337043762,-0.10101298242807388,0,-0.069862000644207,0.17640699446201324,-0.00018200000340584666,1,0.5592913031578064,-0.5703619122505188,-0.6015647053718567,0,0.8265930414199829,0.3287780284881592,0.456781804561615,0,-0.0627497062087059,-0.7527231574058533,0.6553398370742798,0,0,0.14940999448299408,0,1,-0.36923304200172424,-0.9292699694633484,0.011156796477735043,0,0.9292850494384766,-0.3693128526210785,-0.006148321554064751,0,0.009833796881139278,0.008097678422927856,0.9999189972877502,0,0,0.2703149914741516,0,1,0.901138961315155,-0.17307795584201813,0.3974821865558624,0,0.19141505658626556,0.981486976146698,-0.0065860021859407425,0,-0.3889837861061096,0.08201900124549866,0.917586088180542,0,0,0.27237099409103394,0,1,0.7118620276451111,-0.7020570635795593,-0.019217975437641144,0,0.7022500038146973,0.711139976978302,0.03352384269237518,0,-0.009868975728750229,-0.037360165268182755,0.99925297498703,0,0.026701999828219414,0.03265500068664551,0,1,0.7735452055931091,0.6331188082695007,-0.02808280475437641,0,-0.5994752049446106,0.745374858379364,0.29162776470184326,0,0.20556719601154327,-0.20875225961208344,0.956119954586029,0,0.0064690001308918,0.03311999887228012,0,1,0.975616991519928,0.20236121118068695,-0.08497478067874908,0,-0.20377080142498016,0.978985071182251,-0.008162827230989933,0,0.08153722435235977,0.025279177352786064,0.9963499903678894,0,0.0023980000987648964,0.027009999379515648,0,1,0.9786690473556519,-0.17610584199428558,-0.10580097883939743,0,0.2039591521024704,0.7710528373718262,0.6032231450080872,0,-0.024652978405356407,-0.6119349002838135,0.7905240654945374,0,0,0.061167001724243164,0.001075000036507845,1,0.923777163028717,-0.30666470527648926,-0.22932888567447662,0,0.3052833080291748,0.2282598465681076,0.9244999289512634,0,-0.2311648726463318,-0.9240421056747437,0.30448082089424133,0,0.0012580000329762697,0.043793000280857086,0,1,0.9965109825134277,-0.0810152068734169,-0.02007223106920719,0,0.0829458013176918,0.9344781637191772,0.34622251987457275,0,-0.009292228147387505,-0.3466794788837433,0.9379377365112305,0,-0.00101200002245605,0.03587700054049492,0,1,-0.9254620671272278,-0.20434001088142395,0.3190057873725891,0,0.35884398221969604,-0.742787778377533,0.565241277217865,0,0.1214522123336792,0.6375827193260193,0.7607482075691223,0,0.09093800187110901,-0.07378999888896942,0.026993999257683754,1,0.9937959909439087,-0.09848809242248535,-0.05166502669453621,0,0.04259690269827843,0.7661880850791931,-0.6412029266357422,0,0.1027359813451767,0.6350241303443909,0.7656299471855164,0,0,0.40217500925064087,0,1,0.9569209814071655,-0.056480128318071365,-0.2848019599914551,0,0.2855569124221802,0.36053821444511414,0.8879579305648804,0,0.05253003537654877,-0.9310331344604492,0.36113500595092773,0,0,0.2589139938354492,0,1,0.9789620041847229,0.0000021331693460524548,-0.2040451467037201,0,0.10666413605213165,0.8524819016456604,0.5117591023445129,0,0.1739458590745926,-0.5227569341659546,0.8345470428466797,0,0,0.14509999752044678,0,1,-0.9275930523872375,0.24768199026584625,-0.27968689799308777,0,-0.2819480001926422,-0.9552810192108154,0.08912501484155655,0,-0.2451050877571106,0.16152900457382202,0.9559460878372192,0,-0.09093800187110901,-0.07378999888896942,0.028398999944329262,1,0.9895930886268616,-0.13175295293331146,-0.05784367397427559,0,0.06414204835891724,0.7637611627578735,-0.6423047780990601,0,0.12880432605743408,0.6319102644920349,0.7642638087272644,0,0,0.4023919999599457,0,1,0.9127550721168518,0.26396602392196655,0.3117697834968567,0,-0.33877307176589966,0.06263406574726105,0.9387810230255127,0,0.22827880084514618,-0.9624960422515869,0.1465940922498703,0,0,0.2589719891548157,0,1,0.959770143032074,-0.11266487091779709,0.25719383358955383,0,-0.1084858700633049,0.6960539221763611,0.7097461223602295,0,-0.25898417830467224,-0.7090948820114136,0.6558290719985962,0,0,0.14532600343227386,0,1
K0.033,0.8055227994918823,-0.046617746353149414,0.5907272100448608,0,-0.03972508758306503,0.9904100298881531,0.13232867419719696,0,-0.5912309885025024,-0.13006044924259186,0.795945942401886,0,0.01709105260670185,0.7483140826225281,-0.021796049550175667,1,0.995235025882721,0.0777781754732132,-0.05880184844136238,0,-0.07257770746946335,0.9936540722846985,0.08592801541090012,0,0.06511206924915314,-0.08125092834234238,0.9945650696754456,0,0,0.1327120065689087,0.0014430000446736813,1,0.9995599985122681,0.014824949204921722,-0.025683848187327385,0,-0.01376505196094513,0.9990660548210144,0.04096382111310959,0,0.02626713179051876,-0.04059223830699921,0.9988300204277039,0,0,0.15484000742435455,0,1,0.9995359778404236,0.01397209893912077,-0.02708408050239086,0,-0.01287190429866314,0.999101996421814,0.040378738194704056,0,0.027623901143670082,-0.04001133143901825,0.9988170266151428,0,0,0.17696000635623932,0,1,0.9976039528846741,-0.01622748374938965,-0.06725040823221207,0,0.013464638032019138,0.9990550875663757,-0.041334692388772964,0,0.06785763800144196,0.04033016040921211,0.9968799948692322,0,0,0.19908000528812408,0,1,0.9370338320732117,-0.11233449727296829,-0.3306792974472046,0,0.1297527402639389,0.9910620450973511,0.03100363165140152,0,0.32424086332321167,-0.07195798307657242,0.9432341456413269,0,0,0.05678899958729744,0.008674999698996544,1,0.2124471664428711,0.14772073924541473,-0.9659419655799866,0,0.9654729962348938,-0.18423597514629364,0.18416891992092133,0,-0.1507558673620224,-0.9717179536819458,-0.18176090717315674,0,0.069862000644207,0.17641699314117432,0.0006750000175088644,1,0.6475470662117004,0.1487908661365509,0.7473586797714233,0,-0.5548549890518188,0.7643081545829773,0.3285874128341675,0,-0.5223209261894226,-0.6274508237838745,0.5774822235107422,0,0,0.14940999448299408,0,1,-0.28198492527008057,0.9590929746627808,-0.024998929351568222,0,-0.9591177701950073,-0.2824535667896271,-0.017698897048830986,0,-0.024035930633544922,0.01898609846830368,0.9995310306549072,0,0,0.2703000009059906,0,1,0.8714461326599121,-0.050488147884607315,-0.4878857731819153,0,0.006385872606188059,0.9957720041275024,-0.09163976460695267,0,0.4904494881629944,0.07674351334571838,0.8680837154388428,0,0,0.2722789943218231,0,1,0.7289832830429077,0.6844787001609802,0.008481182157993317,0,-0.6806043982505798,0.7234206199645996,0.11593078821897507,0,0.07321671396493912,-0.09028396010398865,0.9932210445404053,0,-0.02849300019443035,0.031202999874949455,0,1,0.8292338848114014,-0.5551411509513855,0.06472999602556229,0,0.5277512073516846,0.8158718943595886,0.23628711700439453,0,-0.18398405611515045,-0.16177593171596527,0.9695249795913696,0,-0.005913999862968922,0.03328299894928932,0,1,0.9256879687309265,-0.3641171455383301,0.10256484150886536,0,0.37362825870513916,0.9224609136581421,-0.0972980484366417,0,-0.05918420851230621,0.12838883697986603,0.9899560213088989,0,0.00011000000085914508,0.026717999950051308,0,1,0.9750129580497742,0.18651209771633148,0.1206769123673439,0,-0.22114987671375275,0.7634939551353455,0.6067700982093811,0,0.021033886820077896,-0.6182965040206909,0.7856637239456177,0,0,0.07073699682950974,0.0002589999930933118,1,0.9886919260025024,0.12235332280397415,0.08670194447040558,0,-0.11766280233860016,0.27451345324516296,0.9543572664260864,0,0.09296794980764389,-0.9537671208381653,0.28580573201179504,0,0.0020639998838305473,0.041429001837968826,0,1,0.9889339804649353,0.14755414426326752,0.015376074239611626,0,-0.1435329020023346,0.9254429340362549,0.35064923763275146,0,0.03751007467508316,-0.3489759564399719,0.936380922794342,0,-0.002319999970495701,0.03904300183057785,0,1,0.23848378658294678,-0.0799051895737648,0.9678540825843811,0,-0.9682220220565796,-0.09684553742408752,0.23057889938354492,0,0.07530796527862549,-0.9920868873596191,-0.10046198964118958,0,-0.069862000644207,0.17640699446201324,-0.00018200000340584666,1,0.5677472352981567,-0.5880088210105896,-0.576115071773529,0,0.8185980319976807,0.32934680581092834,0.4705621600151062,0,-0.08695297688245773,-0.7387666702270508,0.6683282256126404,0,0,0.14940999448299408,0,1,-0.348406046628952,-0.9372789859771729,0.011018812656402588,0,0.9372941851615906,-0.3484845757484436,-0.006201918702572584,0,0.009652812033891678,0.008167081512510777,0.9999200105667114,0,0,0.2703149914741516,0,1,0.8822407722473145,-0.22120711207389832,0.4155942499637604,0,0.24969817698001862,0.9682117104530334,-0.014722509309649467,0,-0.39912641048431396,0.11676190048456192,0.9094306826591492,0,0,0.27237099409103394,0,1,0.7295164465904236,-0.6829774379730225,0.036711860448122025,0,0.6793348789215088,0.7297690510749817,0.07708296179771423,0,-0.07943710684776306,-0.03129364922642708,0.9963489174842834,0,0.026701999828219414,0.03265500068664551,0,1,0.7915171980857849,0.6104577779769897,-0.029034985229372978,0,-0.5794885754585266,0.764759361743927,0.2816658914089203,0,0.19414983689785004,-0.20611785352230072,0.9590730667114258,0,0.0064690001308918,0.03311999887228012,0,1,0.984947144985199,0.15536539256572723,-0.07576607167720795,0,-0.15771612524986267,0.9871401190757751,-0.026062123477458954,0,0.07074261456727982,0.03761935979127884,0.9967849850654602,0,0.0023980000987648964,0.027009999379515648,0,1,0.9827991127967834,-0.16308462619781494,-0.08665361255407333,0,0.1846068948507309,0.8546661138534546,0.48524901270866394,0,-0.005076746456325054,-0.4928993284702301,0.8700719475746155,0,0,0.061167001724243164,0.001075000036507845,1,0.9351412057876587,-0.2981378734111786,-0.1913766711950302,0,0.2969897389411926,0.36519402265548706,0.8822871446609497,0,-0.19315366446971893,-0.8819001317024231,0.4300519824028015,0,0.0012580000329762697,0.043793000280857086,0,1,0.9972390532493591,-0.07234808802604675,-0.016762791201472282,0,0.07392965257167816,0.9457062482833862,0.31650447845458984,0,-0.0070458101108670235,-0.31686967611312866,0.9484431743621826,0,-0.00101200002245605,0.03587700054049492,0,1,-0.9257553815841675,-0.20480582118034363,0.3178544044494629,0,0.3567018508911133,-0.751934289932251,0.5543988943099976,0,0.12546153366565704,0.6266170740127563,0.7691618800163269,0,0.09093800187110901,-0.07378999888896942,0.026993999257683754,1,0.9945459961891174,-0.09123381227254868,-0.050538934767246246,0,0.041499119251966476,0.7907202839851379,-0.6107696294784546,0,0.09568505734205246,0.6053415536880493,0.7901942729949951,0,0,0.40217500925064087,0,1,0.9620010852813721,-0.07411839812994003,-0.26279476284980774,0,0.2708214521408081,0.3816354274749756,0.8837478756904602,0,0.0347897931933403,-0.9213367700576782,0.3872065246105194,0,0,0.2589139938354492,0,1,0.9789620041847229,0,-0.20404325425624847,0,0.10666397213935852,0.8524848818778992,0.5117541551589966,0,0.17394375801086426,-0.5227518081665039,0.834550142288208,0,0,0.14509999752044678,0,1,-0.9253281354904175,0.2504279315471649,-0.28469982743263245,0,-0.2914794385433197,-0.9500338435173035,0.11169345676898956,0,-0.24250337481498718,0.18633727729320526,0.9520878791809082,0,-0.09093800187110901,-0.07378999888896942,0.028398999944329262,1,0.9927290678024292,-0.11529470235109329,-0.03458377346396446,0,0.06603609025478363,0.7618737816810608,-0.6443502902984619,0,0.10063868761062622,0.6373817920684814,0.7639482021331787,0,0,0.4023919999599457,0,1,0.9150092005729675,0.26153385639190674,0.30717968940734863,0,-0.33865517377853394,0.08412535488605499,0.9371418952941895,0,0.21925267577171326,-0.9615210890769958,0.16554521024227142,0,0,0.2589719891548157,0,1,0.9586319327354431,-0.11861778795719147,0.2587563395500183,0,-0.10898472368717194,0.6868188977241516,0.7186111807823181,0,-0.2629587948322296,-0.7170840501785278,0.6454789638519287,0,0,0.14532600343227386,0,1
K0.067,0.7954540848731995,-0.032670438289642334,0.6051329374313354,0,-0.059816110879182816,0.9894371032714844,0.13204753398895264,0,-0.6030547022819519,-0.1412343680858612,0.7850971221923828,0,0.022360946983098984,0.7527689337730408,-0.02679695188999176,1,0.9959419965744019,0.07168686389923096,-0.05440928414463997,0,-0.06705425679683685,0.9943190217018127,0.08265992999076843,0,0.06002581864595413,-0.07867612689733505,0.9950910210609436,0,0,0.1327120065689087,0.0014430000446736813,1,0.9995890259742737,0.014818605966866016,-0.024538889527320862,0,-0.013726395554840565,0.9989330172538757,0.04409494623541832,0,0.025166135281324387,-0.04373999685049057,0.9987260699272156,0,0,0.15484000742435455,0,1,0.9995659589767456,0.014058190397918224,-0.025894315913319588,0,-0.012921808287501335,0.9989680647850037,0.04354172199964523,0,0.026479708030819893,-0.04318821802735329,0.9987159967422485,0,0,0.17696000635623932,0,1,0.9973629713058472,-0.022159941494464874,-0.06911541521549225,0,0.01982293650507927,0.9992139339447021,-0.03431735932826996,0,0.0698215439915657,0.032856784760951996,0.9970179796218872,0,0,0.19908000528812408,0,1,0.9329599738121033,-0.12770222127437592,-0.33656802773475647,0,0.13887254893779755,0.9902670383453369,0.009220218285918236,0,0.3321148455142975,-0.055342163890600204,0.941614031791687,0,0,0.05678899958729744,0.008674999698996544,1,0.2287047654390335,0.14570331573486328,-0.9625301361083984,0,0.9599692225456238,-0.19800570607185364,0.19812308251857758,0,-0.16171929240226746,-0.9693111777305603,-0.18515555560588837,0,0.069862000644207,0.17641699314117432,0.0006750000175088644,1,0.6496840715408325,0.21828214824199677,0.7281920909881592,0,-0.5740739703178406,0.768811821937561,0.2817235291004181,0,-0.49834728240966797,-0.6010671854019165,0.624794602394104,0,0,0.14940999448299408,0,1,-0.30718958377838135,0.9513082504272461,-0.025463135913014412,0,-0.9513319730758667,-0.3076671361923218,-0.017554739490151405,0,-0.024534136056900024,0.018831264227628708,0.9995219707489014,0,0,0.2703000009059906,0,1,0.8619001507759094,-0.06955581158399582,-0.5022857785224915,0,-0.010685830377042294,0.9878360629081726,-0.1551305204629898,0,0.5069658756256104,0.13907426595687866,0.85067218542099,0,0,0.2722789943218231,0,1,0.7243021130561829,0.6889338493347168,0.027506329119205475,0,-0.6879790425300598,0.7195138931274414,0.09478703886270523,0,0.04551079124212265,-0.0875781923532486,0.9951170086860657,0,-0.02849300019443035,0.031202999874949455,0,1,0.8192501664161682,-0.5697126984596252,0.06524074822664261,0,0.5410199165344238,0.805630087852478,0.241367906332016,0,-0.19007016718387604,-0.16244404017925262,0.9682379961013794,0,-0.005913999862968922,0.03328299894928932,0,1,0.9167360663414001,-0.38510891795158386,0.1062336191534996,0,0.3945777714252472,0.9144421815872192,-0.09002688527107239,0,-0.06247431039810181,0.1244482472538948,0.9902569651603699,0,0.00011000000085914508,0.026717999950051308,0,1,0.9746529459953308,0.18480291962623596,0.12609125673770905,0,-0.22235709428787231,0.738052248954773,0.6370527148246765,0,0.024667270481586456,-0.6489427089691162,0.7604371905326843,0,0,0.07073699682950974,0.0002589999930933118,1,0.9873409867286682,0.1272302120923996,0.09470678120851517,0,-0.12219369411468506,0.22948050498962402,0.9656118154525757,0,0.10112177580595016,-0.9649618864059448,0.24212253093719482,0,0.0020639998838305473,0.041429001837968826,0,1,0.9885969758033752,0.1496841013431549,0.01644284836947918,0,-0.14544884860515594,0.9208969473838806,0.3616550862789154,0,0.03899184614419937,-0.3599226176738739,0.932167112827301,0,-0.002319999970495701,0.03904300183057785,0,1,0.23063668608665466,-0.08238943666219711,0.9695450663566589,0,-0.97116619348526,-0.08130128681659698,0.2241135686635971,0,0.0603606291115284,-0.9932780265808105,-0.09876490384340286,0,-0.069862000644207,0.17640699446201324,-0.00018200000340584666,1,0.5938526391983032,-0.6120317578315735,-0.5222606658935547,0,0.7956902980804443,0.3505555987358093,0.49395185708999634,0,-0.11923276633024216,-0.7088921070098877,0.6951658725738525,0,0,0.14940999448299408,0,1,-0.3216971457004547,-0.9467799663543701,0.010841617360711098,0,0.9467959403991699,-0.32177430391311646,-0.006264451425522566,0,0.009419617243111134,0.008249548263847828,0.999921977519989,0,0,0.2703149914741516,0,1,0.8459004163742065,-0.26799577474594116,0.46111929416656494,0,0.33265402913093567,0.9409164190292358,-0.06339050829410553,0,-0.4168861508369446,0.20701517164707184,0.8850711584091187,0,0,0.27237099409103394,0,1,0.7474419474601746,-0.6524862051010132,0.12486913055181503,0,0.6374435424804688,0.7573416829109192,0.1417720466852188,0,-0.18707291781902313,-0.026369357481598854,0.9819921851158142,0,0.026701999828219414,0.03265500068664551,0,1,0.8200698494911194,0.5714792609214783,-0.02995326928794384,0,-0.5447755455970764,0.7956356406211853,0.264921098947525,0,0.17522886395454407,-0.20093606412410736,0.9638049602508545,0,0.0064690001308918,0.03311999887228012,0,1,0.9950219392776489,0.08005739748477936,-0.059343207627534866,0,-0.08326008915901184,0.9950838685035706,-0.0536167211830616,0,0.05475911498069763,0.05829080566763878,0.9967970252037048,0,0.0023980000987648964,0.027009999379515648,0,1,0.9884029626846313,-0.14127217233181,-0.05569729954004288,0,0.1514374166727066,0.9441782832145691,0.29256513714790344,0,0.011256864294409752,-0.29760685563087463,0.9546223878860474,0,0,0.061167001724243164,0.001075000036507845,1,0.9516899585723877,-0.27469098567962646,-0.13722656667232513,0,0.27387556433677673,0.5572741031646729,0.7838602662086487,0,-0.13884656131267548,-0.7835751175880432,0.6055834293365479,0,0.0012580000329762697,0.043793000280857086,0,1,0.9982060194015503,-0.058618221431970596,-0.012152394279837608,0,0.05972306802868843,0.9611558318138123,0.26946771144866943,0,-0.004115375690162182,-0.2697102129459381,0.9629330039024353,0,-0.00101200002245605,0.03587700054049492,0,1,-0.9324339628219604,-0.1893421709537506,0.3077591061592102,0,0.336971253156662,-0.7631270289421082,0.5514420866966248,0,0.13044795393943787,0.6178889870643616,0.7753679156303406,0,0.09093800187110901,-0.07378999888896942,0.026993999257683754,1,0.9949319958686829,-0.08505792170763016,-0.05362795665860176,0,0.04011515527963638,0.8248136043548584,-0.5639796853065491,0,0.09220404177904129,0.5589702725410461,0.8240458369255066,0,0,0.40217500925064087,0,1,0.9690178632736206,-0.0876748114824295,-0.23090459406375885,0,0.24615530669689178,0.4195828139781952,0.8737030625343323,0,0.02028188481926918,-0.9034733176231384,0.42816537618637085,0,0,0.2589139938354492,0,1,0.978609025478363,0.0027881928253918886,-0.20570911467075348,0,0.10637521743774414,0.8490081429481506,0.5175606608390808,0,0.17609187960624695,-0.5283722281455994,0.8305509686470032,0,0,0.14509999752044678,0,1,-0.917621910572052,0.26277920603752136,-0.29819005727767944,0,-0.3156554102897644,-0.9377302527427673,0.14499574899673462,0,-0.24151986837387085,0.2271764874458313,0.9434291124343872,0,-0.09093800187110901,-0.07378999888896942,0.028398999944329262,1,0.9953740239143372,-0.09532176703214645,-0.012011504732072353,0,0.0649244412779808,0.759516179561615,-0.6472396850585938,0,0.07081900537014008,0.6434661149978638,0.762191891670227,0,0,0.4023919999599457,0,1,0.9170889258384705,0.2609216570854187,0.3014424443244934,0,-0.3389473557472229,0.1121765598654747,0.9340940713882446,0,0.20991049706935883,-0.9588199853897095,0.1913144886493683,0,0,0.2589719891548157,0,1,0.9572070240974426,-0.12594793736934662,0.2605609893798828,0,-0.10966900736093521,0.6753272414207458,0.7293187975883484,0,-0.26781994104385376,-0.726684033870697,0.6326149702072144,0,0,0.14532600343227386,0,1
K0.100,0.7972539663314819,-0.006846137810498476,0.6036060452461243,0,-0.09897115081548691,0.9849219918251038,0.14189396798610687,0,-0.5954759120941162,-0.17286503314971924,0.7845550179481506,0,0.029972000047564507,0.7583109736442566,-0.03376799821853638,1,0.996969997882843,0.06415696442127228,-0.0439780093729496,0,-0.0606040358543396,0.9951220154762268,0.07784805446863174,0,0.04875798523426056,-0.07494693249464035,0.995995044708252,0,0,0.1327120065689087,0.0014430000446736813,1,0.9998480081558228,0.011272154748439789,-0.01329003181308508,0,-0.010650843381881714,0.9988880753517151,0.04592876881361008,0,0.013792966492474079,-0.04578022658824921,0.9988560080528259,0,0,0.15484000742435455,0,1,0.9998379945755005,0.010550720617175102,-0.014583357609808445,0,-0.009877277538180351,0.9989150166511536,0.04550369456410408,0,0.015047640539705753,-0.045352306216955185,0.9988579750061035,0,0,0.17696000635623932,0,1,0.9968769550323486,-0.031824998557567596,-0.07227031886577606,0,0.02943900041282177,0.9989929795265198,-0.033843617886304855,0,0.07327467948198318,0.031610384583473206,0.9968109726905823,0,0,0.19908000528812408,0,1,0.9279160499572754,-0.14376184344291687,-0.3439539670944214,0,0.14346715807914734,0.9893010258674622,-0.026451945304870605,0,0.3440769910812378,-0.02480093576014042,0.9386139512062073,0,0,0.05678899958729744,0.008674999698996544,1,0.23694419860839844,0.1427980661392212,-0.960970938205719,0,0.9554989337921143,-0.21316596865653992,0.20391897857189178,0,-0.17572706937789917,-0.9665240049362183,-0.18695178627967834,0,0.069862000644207,0.17641699314117432,0.0006750000175088644,1,0.6155169010162354,0.2803458571434021,0.7365770936012268,0,-0.5885860323905945,0.7850449681282043,0.19305580854415894,0,-0.5241237878799438,-0.5523681044578552,0.6482161283493042,0,0,0.14940999448299408,0,1,-0.3117198348045349,0.9498311281204224,-0.02554711326956749,0,-0.9498550295829773,-0.31219911575317383,-0.017527682706713676,0,-0.024624111130833626,0.01880231872200966,0.999519944190979,0,0,0.2703000009059906,0,1,0.8027958273887634,-0.1388581395149231,-0.5798600316047668,0,-0.07618413120508194,0.9406458735466003,-0.3307291865348816,0,0.5913668274879456,0.3096838593482971,0.7445670962333679,0,0,0.2722789943218231,0,1,0.7274678945541382,0.685928225517273,0.017130885273218155,0,-0.6838887929916382,0.722831130027771,0.09905214607715607,0,0.055559925734996796,-0.08377287536859512,0.9949350357055664,0,-0.02849300019443035,0.031202999874949455,0,1,0.8226338624954224,-0.5648342370986938,0.06508005410432816,0,0.536581814289093,0.8091000318527222,0.23965907096862793,0,-0.18802393972873688,-0.16223092377185822,0.9686729907989502,0,-0.005913999862968922,0.03328299894928932,0,1,0.9197689294815063,-0.37814515829086304,0.105031318962574,0,0.3876327872276306,0.9171661138534546,-0.09245510399341583,0,-0.06136969104409218,0.12575088441371918,0.9901620745658875,0,0.00011000000085914508,0.026717999950051308,0,1,0.9745569229125977,0.18612490594387054,0.12488609552383423,0,-0.22289606928825378,0.746135950088501,0.627375066280365,0,0.02358810231089592,-0.6392489671707153,0.768638014793396,0,0,0.07073699682950974,0.0002589999930933118,1,0.9877901077270508,0.12567640841007233,0.09206479787826538,0,-0.12075460702180862,0.2442721575498581,0.9621588587760925,0,0.0984317883849144,-0.9615281224250793,0.2564655840396881,0,0.0020639998838305473,0.041429001837968826,0,1,0.9887089729309082,0.14898209273815155,0.01608787477016449,0,-0.14481788873672485,0.9224119186401367,0.3580261468887329,0,0.038499876856803894,-0.3563138246536255,0.9335730671882629,0,-0.002319999970495701,0.03904300183057785,0,1,0.22190484404563904,-0.08433470129966736,0.9714140295982361,0,-0.9738489389419556,-0.0689694732427597,0.21647332608699799,0,0.04874177649617195,-0.9940479397773743,-0.09743397682905197,0,-0.069862000644207,0.17640699446201324,-0.00018200000340584666,1,0.6596394181251526,-0.6225018501281738,-0.42114967107772827,0,0.7340482473373413,0.41327279806137085,0.5388678312301636,0,-0.16139666736125946,-0.664603054523468,0.7295579314231873,0,0,0.14940999448299408,0,1,-0.26984405517578125,-0.9628468751907349,0.010499139316380024,0,0.9628620147705078,-0.2699177861213684,-0.006370930932462215,0,0.008968141861259937,0.008390069007873535,0.9999250769615173,0,0,0.2703149914741516,0,1,0.8141950368881226,-0.3015212416648865,0.49615687131881714,0,0.40481775999069214,0.9074051380157471,-0.11286485195159912,0,-0.4161841571331024,0.2927471101284027,0.8608659505844116,0,0,0.27237099409103394,0,1,0.7483831644058228,-0.6221428513526917,0.22991254925727844,0,0.5804539918899536,0.782060980796814,0.226832777261734,0,-0.3209284245967865,-0.03630421310663223,0.9464077949523926,0,0.026701999828219414,0.03265500068664551,0,1,0.8574590682983398,0.5136890411376953,-0.029808035120368004,0,-0.49260395765304565,0.8362430334091187,0.2409127801656723,0,0.14868095517158508,-0.1918892115354538,0.9700890183448792,0,0.0064690001308918,0.03311999887228012,0,1,0.999206006526947,-0.0202220119535923,-0.03431783989071846,0,0.017128005623817444,0.9959580302238464,-0.08817189186811447,0,0.03596215322613716,0.08751411736011505,0.995513916015625,0,0.0023980000987648964,0.027009999379515648,0,1,0.9942520260810852,-0.10547379404306412,-0.01840931549668312,0,0.10627619177103043,0.9930749535560608,0.05008017644286156,0,0.012999680824577808,-0.05174878612160683,0.9985759854316711,0,0,0.061167001724243164,0.001075000036507845,1,0.9698190689086914,-0.23040176928043365,-0.07979192584753036,0,0.22993521392345428,0.7553250193595886,0.6136878728866577,0,-0.08112592250108719,-0.6135131120681763,0.7855058908462524,0,0.0012580000329762697,0.043793000280857086,0,1,0.9991279244422913,-0.04110872745513916,-0.0073418146930634975,0,0.041734274476766586,0.9769080281257629,0.2095441222190857,0,-0.0014418150531128049,-0.2096678465604782,0.9777719974517822,0,-0.00101200002245605,0.03587700054049492,0,1,-0.9428341388702393,-0.15850095450878143,0.29315781593322754,0,0.3068450391292572,-0.7561127543449402,0.5780482888221741,0,0.13003918528556824,0.6349577903747559,0.7615242600440979,0,0.09093800187110901,-0.07378999888896942,0.026993999257683754,1,0.996798038482666,-0.07182684540748596,-0.03514372929930687,0,0.04450615122914314,0.8634750247001648,-0.5024239420890808,0,0.06643326580524445,0.4992510974407196,0.863906979560852,0,0,0.40217500925064087,0,1,0.945206880569458,-0.12041319906711578,-0.3034542500972748,0,0.3213028013706207,0.5078520774841309,0.7992820143699646,0,0.057865750044584274,-0.8529870510101318,0.5187140107154846,0,0,0.2589139938354492,0,1,0.9751960635185242,0.02795766107738018,-0.21956780552864075,0,0.10446066409349442,0.8164340853691101,0.5679120421409607,0,0.19514018297195435,-0.5767619609832764,0.7932630181312561,0,0,0.14509999752044678,0,1,-0.9043579697608948,0.27972039580345154,-0.3223249316215515,0,-0.3540465831756592,-0.9134501218795776,0.2006492167711258,0,-0.2383020967245102,0.295576810836792,0.9251201152801514,0,-0.09093800187110901,-0.07378999888896942,0.028398999944329262,1,0.9967929124832153,-0.07990218698978424,-0.004303028341382742,0,0.057041801512241364,0.7472612261772156,-0.6620777249336243,0,0.056116968393325806,0.6597092151641846,0.7494227290153503,0,0,0.4023919999599457,0,1,0.9181740283966064,0.26559382677078247,0.2939661741256714,0,-0.34053319692611694,0.14987702667713165,0.9282099604606628,0,0.2024681568145752,-0.9523640871047974,0.22805683314800262,0,0,0.2589719891548157,0,1,0.954257071018219,-0.14072373509407043,0.2638010084629059,0,-0.11128073930740356,0.6517580151557922,0.7502179741859436,0,-0.2775079905986786,-0.7452569603919983,0.606285035610199,0,0,0.14532600343227386,0,1
